[1, 1, 1, 1, 1, 1, 0, 0, 1, 0]
[1, 0, 0, 0, 1, 0, 1, 1, 1, 1]
[0, 0, 0, 1, 0, 0, 0, 0, 0, 0]
[0, 1, 1, 0, 1, 1, 0, 1, 0, 1]
[1, 0, 0, 1, 1, 1, 0, 1, 0, 1]
[0, 1, 0, 0, 0, 1, 0, 0, 1, 0]
[0, 1, 0, 1, 1, 1, 0, 0, 1, 0]
[0, 0, 0, 1, 1, 1, 0, 1, 0, 0]
[0, 1, 0, 1, 1, 1, 0, 1, 1, 1]
[0, 0, 1, 0, 0, 0, 0, 0, 0, 1]
----------
nowy
x: [-1] in [0, 1, 2, 3, 4, 5, 6, 7, 8, 9] => []
y: [-1] in [0, 1, 2, 3, 4, 5, 6, 7, 8, 9]
x: [-1] in [0, 1, 2, 3, 4, 5, 6, 7, 8, 9] => []
y: [0] in [0, 1, 2, 3, 4, 5, 6, 7, 8, 9]
x: [-1] in [0, 1, 2, 3, 4, 5, 6, 7, 8, 9] => []
y: [1] in [0, 1, 2, 3, 4, 5, 6, 7, 8, 9]
x: [0] in [0, 1, 2, 3, 4, 5, 6, 7, 8, 9] => [0]
y: [-1] in [0, 1, 2, 3, 4, 5, 6, 7, 8, 9]
x: [0] in [0, 1, 2, 3, 4, 5, 6, 7, 8, 9] => [0]
y: [0] in [0, 1, 2, 3, 4, 5, 6, 7, 8, 9]
x: [0] in [0, 1, 2, 3, 4, 5, 6, 7, 8, 9] => [0]
y: [1] in [0, 1, 2, 3, 4, 5, 6, 7, 8, 9]
x: [1] in [0, 1, 2, 3, 4, 5, 6, 7, 8, 9] => [1]
y: [-1] in [0, 1, 2, 3, 4, 5, 6, 7, 8, 9]
x: [1] in [0, 1, 2, 3, 4, 5, 6, 7, 8, 9] => [1]
y: [0] in [0, 1, 2, 3, 4, 5, 6, 7, 8, 9]
x: [1] in [0, 1, 2, 3, 4, 5, 6, 7, 8, 9] => [1]
y: [1] in [0, 1, 2, 3, 4, 5, 6, 7, 8, 9]
[[-1, -1], [0, -1], [1, -1], [-1, 0], [1, 0], [-1, 1], [0, 1], [1, 1]]
x: [0] in [0, 1, 2, 3, 4, 5, 6, 7, 8, 9] => [0]
y: [-1] in [0, 1, 2, 3, 4, 5, 6, 7, 8, 9]
x: [0] in [0, 1, 2, 3, 4, 5, 6, 7, 8, 9] => [0]
y: [0] in [0, 1, 2, 3, 4, 5, 6, 7, 8, 9]
x: [0] in [0, 1, 2, 3, 4, 5, 6, 7, 8, 9] => [0]
y: [1] in [0, 1, 2, 3, 4, 5, 6, 7, 8, 9]
x: [1] in [0, 1, 2, 3, 4, 5, 6, 7, 8, 9] => [1]
y: [-1] in [0, 1, 2, 3, 4, 5, 6, 7, 8, 9]
x: [1] in [0, 1, 2, 3, 4, 5, 6, 7, 8, 9] => [1]
y: [0] in [0, 1, 2, 3, 4, 5, 6, 7, 8, 9]
x: [1] in [0, 1, 2, 3, 4, 5, 6, 7, 8, 9] => [1]
y: [1] in [0, 1, 2, 3, 4, 5, 6, 7, 8, 9]
x: [2] in [0, 1, 2, 3, 4, 5, 6, 7, 8, 9] => [2]
y: [-1] in [0, 1, 2, 3, 4, 5, 6, 7, 8, 9]
x: [2] in [0, 1, 2, 3, 4, 5, 6, 7, 8, 9] => [2]
y: [0] in [0, 1, 2, 3, 4, 5, 6, 7, 8, 9]
x: [2] in [0, 1, 2, 3, 4, 5, 6, 7, 8, 9] => [2]
y: [1] in [0, 1, 2, 3, 4, 5, 6, 7, 8, 9]
[[-1, 0], [0, 0], [1, 0], [-1, 1], [1, 1], [-1, 2], [0, 2], [1, 2]]
x: [1] in [0, 1, 2, 3, 4, 5, 6, 7, 8, 9] => [1]
y: [-1] in [0, 1, 2, 3, 4, 5, 6, 7, 8, 9]
x: [1] in [0, 1, 2, 3, 4, 5, 6, 7, 8, 9] => [1]
y: [0] in [0, 1, 2, 3, 4, 5, 6, 7, 8, 9]
x: [1] in [0, 1, 2, 3, 4, 5, 6, 7, 8, 9] => [1]
y: [1] in [0, 1, 2, 3, 4, 5, 6, 7, 8, 9]
x: [2] in [0, 1, 2, 3, 4, 5, 6, 7, 8, 9] => [2]
y: [-1] in [0, 1, 2, 3, 4, 5, 6, 7, 8, 9]
x: [2] in [0, 1, 2, 3, 4, 5, 6, 7, 8, 9] => [2]
y: [0] in [0, 1, 2, 3, 4, 5, 6, 7, 8, 9]
x: [2] in [0, 1, 2, 3, 4, 5, 6, 7, 8, 9] => [2]
y: [1] in [0, 1, 2, 3, 4, 5, 6, 7, 8, 9]
x: [3] in [0, 1, 2, 3, 4, 5, 6, 7, 8, 9] => [3]
y: [-1] in [0, 1, 2, 3, 4, 5, 6, 7, 8, 9]
x: [3] in [0, 1, 2, 3, 4, 5, 6, 7, 8, 9] => [3]
y: [0] in [0, 1, 2, 3, 4, 5, 6, 7, 8, 9]
x: [3] in [0, 1, 2, 3, 4, 5, 6, 7, 8, 9] => [3]
y: [1] in [0, 1, 2, 3, 4, 5, 6, 7, 8, 9]
[[-1, 1], [0, 1], [1, 1], [-1, 2], [1, 2], [-1, 3], [0, 3], [1, 3]]
x: [2] in [0, 1, 2, 3, 4, 5, 6, 7, 8, 9] => [2]
y: [-1] in [0, 1, 2, 3, 4, 5, 6, 7, 8, 9]
x: [2] in [0, 1, 2, 3, 4, 5, 6, 7, 8, 9] => [2]
y: [0] in [0, 1, 2, 3, 4, 5, 6, 7, 8, 9]
x: [2] in [0, 1, 2, 3, 4, 5, 6, 7, 8, 9] => [2]
y: [1] in [0, 1, 2, 3, 4, 5, 6, 7, 8, 9]
x: [3] in [0, 1, 2, 3, 4, 5, 6, 7, 8, 9] => [3]
y: [-1] in [0, 1, 2, 3, 4, 5, 6, 7, 8, 9]
x: [3] in [0, 1, 2, 3, 4, 5, 6, 7, 8, 9] => [3]
y: [0] in [0, 1, 2, 3, 4, 5, 6, 7, 8, 9]
x: [3] in [0, 1, 2, 3, 4, 5, 6, 7, 8, 9] => [3]
y: [1] in [0, 1, 2, 3, 4, 5, 6, 7, 8, 9]
x: [4] in [0, 1, 2, 3, 4, 5, 6, 7, 8, 9] => [4]
y: [-1] in [0, 1, 2, 3, 4, 5, 6, 7, 8, 9]
x: [4] in [0, 1, 2, 3, 4, 5, 6, 7, 8, 9] => [4]
y: [0] in [0, 1, 2, 3, 4, 5, 6, 7, 8, 9]
x: [4] in [0, 1, 2, 3, 4, 5, 6, 7, 8, 9] => [4]
y: [1] in [0, 1, 2, 3, 4, 5, 6, 7, 8, 9]
[[-1, 2], [0, 2], [1, 2], [-1, 3], [1, 3], [-1, 4], [0, 4], [1, 4]]
x: [3] in [0, 1, 2, 3, 4, 5, 6, 7, 8, 9] => [3]
y: [-1] in [0, 1, 2, 3, 4, 5, 6, 7, 8, 9]
x: [3] in [0, 1, 2, 3, 4, 5, 6, 7, 8, 9] => [3]
y: [0] in [0, 1, 2, 3, 4, 5, 6, 7, 8, 9]
x: [3] in [0, 1, 2, 3, 4, 5, 6, 7, 8, 9] => [3]
y: [1] in [0, 1, 2, 3, 4, 5, 6, 7, 8, 9]
x: [4] in [0, 1, 2, 3, 4, 5, 6, 7, 8, 9] => [4]
y: [-1] in [0, 1, 2, 3, 4, 5, 6, 7, 8, 9]
x: [4] in [0, 1, 2, 3, 4, 5, 6, 7, 8, 9] => [4]
y: [0] in [0, 1, 2, 3, 4, 5, 6, 7, 8, 9]
x: [4] in [0, 1, 2, 3, 4, 5, 6, 7, 8, 9] => [4]
y: [1] in [0, 1, 2, 3, 4, 5, 6, 7, 8, 9]
x: [5] in [0, 1, 2, 3, 4, 5, 6, 7, 8, 9] => [5]
y: [-1] in [0, 1, 2, 3, 4, 5, 6, 7, 8, 9]
x: [5] in [0, 1, 2, 3, 4, 5, 6, 7, 8, 9] => [5]
y: [0] in [0, 1, 2, 3, 4, 5, 6, 7, 8, 9]
x: [5] in [0, 1, 2, 3, 4, 5, 6, 7, 8, 9] => [5]
y: [1] in [0, 1, 2, 3, 4, 5, 6, 7, 8, 9]
[[-1, 3], [0, 3], [1, 3], [-1, 4], [1, 4], [-1, 5], [0, 5], [1, 5]]
x: [4] in [0, 1, 2, 3, 4, 5, 6, 7, 8, 9] => [4]
y: [-1] in [0, 1, 2, 3, 4, 5, 6, 7, 8, 9]
x: [4] in [0, 1, 2, 3, 4, 5, 6, 7, 8, 9] => [4]
y: [0] in [0, 1, 2, 3, 4, 5, 6, 7, 8, 9]
x: [4] in [0, 1, 2, 3, 4, 5, 6, 7, 8, 9] => [4]
y: [1] in [0, 1, 2, 3, 4, 5, 6, 7, 8, 9]
x: [5] in [0, 1, 2, 3, 4, 5, 6, 7, 8, 9] => [5]
y: [-1] in [0, 1, 2, 3, 4, 5, 6, 7, 8, 9]
x: [5] in [0, 1, 2, 3, 4, 5, 6, 7, 8, 9] => [5]
y: [0] in [0, 1, 2, 3, 4, 5, 6, 7, 8, 9]
x: [5] in [0, 1, 2, 3, 4, 5, 6, 7, 8, 9] => [5]
y: [1] in [0, 1, 2, 3, 4, 5, 6, 7, 8, 9]
x: [6] in [0, 1, 2, 3, 4, 5, 6, 7, 8, 9] => [6]
y: [-1] in [0, 1, 2, 3, 4, 5, 6, 7, 8, 9]
x: [6] in [0, 1, 2, 3, 4, 5, 6, 7, 8, 9] => [6]
y: [0] in [0, 1, 2, 3, 4, 5, 6, 7, 8, 9]
x: [6] in [0, 1, 2, 3, 4, 5, 6, 7, 8, 9] => [6]
y: [1] in [0, 1, 2, 3, 4, 5, 6, 7, 8, 9]
[[-1, 4], [0, 4], [1, 4], [-1, 5], [1, 5], [-1, 6], [0, 6], [1, 6]]
x: [5] in [0, 1, 2, 3, 4, 5, 6, 7, 8, 9] => [5]
y: [-1] in [0, 1, 2, 3, 4, 5, 6, 7, 8, 9]
x: [5] in [0, 1, 2, 3, 4, 5, 6, 7, 8, 9] => [5]
y: [0] in [0, 1, 2, 3, 4, 5, 6, 7, 8, 9]
x: [5] in [0, 1, 2, 3, 4, 5, 6, 7, 8, 9] => [5]
y: [1] in [0, 1, 2, 3, 4, 5, 6, 7, 8, 9]
x: [6] in [0, 1, 2, 3, 4, 5, 6, 7, 8, 9] => [6]
y: [-1] in [0, 1, 2, 3, 4, 5, 6, 7, 8, 9]
x: [6] in [0, 1, 2, 3, 4, 5, 6, 7, 8, 9] => [6]
y: [0] in [0, 1, 2, 3, 4, 5, 6, 7, 8, 9]
x: [6] in [0, 1, 2, 3, 4, 5, 6, 7, 8, 9] => [6]
y: [1] in [0, 1, 2, 3, 4, 5, 6, 7, 8, 9]
x: [7] in [0, 1, 2, 3, 4, 5, 6, 7, 8, 9] => [7]
y: [-1] in [0, 1, 2, 3, 4, 5, 6, 7, 8, 9]
x: [7] in [0, 1, 2, 3, 4, 5, 6, 7, 8, 9] => [7]
y: [0] in [0, 1, 2, 3, 4, 5, 6, 7, 8, 9]
x: [7] in [0, 1, 2, 3, 4, 5, 6, 7, 8, 9] => [7]
y: [1] in [0, 1, 2, 3, 4, 5, 6, 7, 8, 9]
[[-1, 5], [0, 5], [1, 5], [-1, 6], [1, 6], [-1, 7], [0, 7], [1, 7]]
x: [6] in [0, 1, 2, 3, 4, 5, 6, 7, 8, 9] => [6]
y: [-1] in [0, 1, 2, 3, 4, 5, 6, 7, 8, 9]
x: [6] in [0, 1, 2, 3, 4, 5, 6, 7, 8, 9] => [6]
y: [0] in [0, 1, 2, 3, 4, 5, 6, 7, 8, 9]
x: [6] in [0, 1, 2, 3, 4, 5, 6, 7, 8, 9] => [6]
y: [1] in [0, 1, 2, 3, 4, 5, 6, 7, 8, 9]
x: [7] in [0, 1, 2, 3, 4, 5, 6, 7, 8, 9] => [7]
y: [-1] in [0, 1, 2, 3, 4, 5, 6, 7, 8, 9]
x: [7] in [0, 1, 2, 3, 4, 5, 6, 7, 8, 9] => [7]
y: [0] in [0, 1, 2, 3, 4, 5, 6, 7, 8, 9]
x: [7] in [0, 1, 2, 3, 4, 5, 6, 7, 8, 9] => [7]
y: [1] in [0, 1, 2, 3, 4, 5, 6, 7, 8, 9]
x: [8] in [0, 1, 2, 3, 4, 5, 6, 7, 8, 9] => [8]
y: [-1] in [0, 1, 2, 3, 4, 5, 6, 7, 8, 9]
x: [8] in [0, 1, 2, 3, 4, 5, 6, 7, 8, 9] => [8]
y: [0] in [0, 1, 2, 3, 4, 5, 6, 7, 8, 9]
x: [8] in [0, 1, 2, 3, 4, 5, 6, 7, 8, 9] => [8]
y: [1] in [0, 1, 2, 3, 4, 5, 6, 7, 8, 9]
[[-1, 6], [0, 6], [1, 6], [-1, 7], [1, 7], [-1, 8], [0, 8], [1, 8]]
x: [7] in [0, 1, 2, 3, 4, 5, 6, 7, 8, 9] => [7]
y: [-1] in [0, 1, 2, 3, 4, 5, 6, 7, 8, 9]
x: [7] in [0, 1, 2, 3, 4, 5, 6, 7, 8, 9] => [7]
y: [0] in [0, 1, 2, 3, 4, 5, 6, 7, 8, 9]
x: [7] in [0, 1, 2, 3, 4, 5, 6, 7, 8, 9] => [7]
y: [1] in [0, 1, 2, 3, 4, 5, 6, 7, 8, 9]
x: [8] in [0, 1, 2, 3, 4, 5, 6, 7, 8, 9] => [8]
y: [-1] in [0, 1, 2, 3, 4, 5, 6, 7, 8, 9]
x: [8] in [0, 1, 2, 3, 4, 5, 6, 7, 8, 9] => [8]
y: [0] in [0, 1, 2, 3, 4, 5, 6, 7, 8, 9]
x: [8] in [0, 1, 2, 3, 4, 5, 6, 7, 8, 9] => [8]
y: [1] in [0, 1, 2, 3, 4, 5, 6, 7, 8, 9]
x: [9] in [0, 1, 2, 3, 4, 5, 6, 7, 8, 9] => [9]
y: [-1] in [0, 1, 2, 3, 4, 5, 6, 7, 8, 9]
x: [9] in [0, 1, 2, 3, 4, 5, 6, 7, 8, 9] => [9]
y: [0] in [0, 1, 2, 3, 4, 5, 6, 7, 8, 9]
x: [9] in [0, 1, 2, 3, 4, 5, 6, 7, 8, 9] => [9]
y: [1] in [0, 1, 2, 3, 4, 5, 6, 7, 8, 9]
[[-1, 7], [0, 7], [1, 7], [-1, 8], [1, 8], [-1, 9], [0, 9], [1, 9]]
x: [8] in [0, 1, 2, 3, 4, 5, 6, 7, 8, 9] => [8]
y: [-1] in [0, 1, 2, 3, 4, 5, 6, 7, 8, 9]
x: [8] in [0, 1, 2, 3, 4, 5, 6, 7, 8, 9] => [8]
y: [0] in [0, 1, 2, 3, 4, 5, 6, 7, 8, 9]
x: [8] in [0, 1, 2, 3, 4, 5, 6, 7, 8, 9] => [8]
y: [1] in [0, 1, 2, 3, 4, 5, 6, 7, 8, 9]
x: [9] in [0, 1, 2, 3, 4, 5, 6, 7, 8, 9] => [9]
y: [-1] in [0, 1, 2, 3, 4, 5, 6, 7, 8, 9]
x: [9] in [0, 1, 2, 3, 4, 5, 6, 7, 8, 9] => [9]
y: [0] in [0, 1, 2, 3, 4, 5, 6, 7, 8, 9]
x: [9] in [0, 1, 2, 3, 4, 5, 6, 7, 8, 9] => [9]
y: [1] in [0, 1, 2, 3, 4, 5, 6, 7, 8, 9]
x: [10] in [0, 1, 2, 3, 4, 5, 6, 7, 8, 9] => []
y: [-1] in [0, 1, 2, 3, 4, 5, 6, 7, 8, 9]
x: [10] in [0, 1, 2, 3, 4, 5, 6, 7, 8, 9] => []
y: [0] in [0, 1, 2, 3, 4, 5, 6, 7, 8, 9]
x: [10] in [0, 1, 2, 3, 4, 5, 6, 7, 8, 9] => []
y: [1] in [0, 1, 2, 3, 4, 5, 6, 7, 8, 9]
[[-1, 8], [0, 8], [1, 8], [-1, 9], [1, 9], [-1, 10], [0, 10], [1, 10]]
nowy
x: [-1] in [0, 1, 2, 3, 4, 5, 6, 7, 8, 9] => []
y: [0] in [0, 1, 2, 3, 4, 5, 6, 7, 8, 9]
x: [-1] in [0, 1, 2, 3, 4, 5, 6, 7, 8, 9] => []
y: [1] in [0, 1, 2, 3, 4, 5, 6, 7, 8, 9]
x: [-1] in [0, 1, 2, 3, 4, 5, 6, 7, 8, 9] => []
y: [2] in [0, 1, 2, 3, 4, 5, 6, 7, 8, 9]
x: [0] in [0, 1, 2, 3, 4, 5, 6, 7, 8, 9] => [0]
y: [0] in [0, 1, 2, 3, 4, 5, 6, 7, 8, 9]
x: [0] in [0, 1, 2, 3, 4, 5, 6, 7, 8, 9] => [0]
y: [1] in [0, 1, 2, 3, 4, 5, 6, 7, 8, 9]
x: [0] in [0, 1, 2, 3, 4, 5, 6, 7, 8, 9] => [0]
y: [2] in [0, 1, 2, 3, 4, 5, 6, 7, 8, 9]
x: [1] in [0, 1, 2, 3, 4, 5, 6, 7, 8, 9] => [1]
y: [0] in [0, 1, 2, 3, 4, 5, 6, 7, 8, 9]
x: [1] in [0, 1, 2, 3, 4, 5, 6, 7, 8, 9] => [1]
y: [1] in [0, 1, 2, 3, 4, 5, 6, 7, 8, 9]
x: [1] in [0, 1, 2, 3, 4, 5, 6, 7, 8, 9] => [1]
y: [2] in [0, 1, 2, 3, 4, 5, 6, 7, 8, 9]
[[0, -1], [1, -1], [2, -1], [0, 0], [2, 0], [0, 1], [1, 1], [2, 1]]
x: [0] in [0, 1, 2, 3, 4, 5, 6, 7, 8, 9] => [0]
y: [0] in [0, 1, 2, 3, 4, 5, 6, 7, 8, 9]
x: [0] in [0, 1, 2, 3, 4, 5, 6, 7, 8, 9] => [0]
y: [1] in [0, 1, 2, 3, 4, 5, 6, 7, 8, 9]
x: [0] in [0, 1, 2, 3, 4, 5, 6, 7, 8, 9] => [0]
y: [2] in [0, 1, 2, 3, 4, 5, 6, 7, 8, 9]
x: [1] in [0, 1, 2, 3, 4, 5, 6, 7, 8, 9] => [1]
y: [0] in [0, 1, 2, 3, 4, 5, 6, 7, 8, 9]
x: [1] in [0, 1, 2, 3, 4, 5, 6, 7, 8, 9] => [1]
y: [1] in [0, 1, 2, 3, 4, 5, 6, 7, 8, 9]
x: [1] in [0, 1, 2, 3, 4, 5, 6, 7, 8, 9] => [1]
y: [2] in [0, 1, 2, 3, 4, 5, 6, 7, 8, 9]
x: [2] in [0, 1, 2, 3, 4, 5, 6, 7, 8, 9] => [2]
y: [0] in [0, 1, 2, 3, 4, 5, 6, 7, 8, 9]
x: [2] in [0, 1, 2, 3, 4, 5, 6, 7, 8, 9] => [2]
y: [1] in [0, 1, 2, 3, 4, 5, 6, 7, 8, 9]
x: [2] in [0, 1, 2, 3, 4, 5, 6, 7, 8, 9] => [2]
y: [2] in [0, 1, 2, 3, 4, 5, 6, 7, 8, 9]
[[0, 0], [1, 0], [2, 0], [0, 1], [2, 1], [0, 2], [1, 2], [2, 2]]
x: [1] in [0, 1, 2, 3, 4, 5, 6, 7, 8, 9] => [1]
y: [0] in [0, 1, 2, 3, 4, 5, 6, 7, 8, 9]
x: [1] in [0, 1, 2, 3, 4, 5, 6, 7, 8, 9] => [1]
y: [1] in [0, 1, 2, 3, 4, 5, 6, 7, 8, 9]
x: [1] in [0, 1, 2, 3, 4, 5, 6, 7, 8, 9] => [1]
y: [2] in [0, 1, 2, 3, 4, 5, 6, 7, 8, 9]
x: [2] in [0, 1, 2, 3, 4, 5, 6, 7, 8, 9] => [2]
y: [0] in [0, 1, 2, 3, 4, 5, 6, 7, 8, 9]
x: [2] in [0, 1, 2, 3, 4, 5, 6, 7, 8, 9] => [2]
y: [1] in [0, 1, 2, 3, 4, 5, 6, 7, 8, 9]
x: [2] in [0, 1, 2, 3, 4, 5, 6, 7, 8, 9] => [2]
y: [2] in [0, 1, 2, 3, 4, 5, 6, 7, 8, 9]
x: [3] in [0, 1, 2, 3, 4, 5, 6, 7, 8, 9] => [3]
y: [0] in [0, 1, 2, 3, 4, 5, 6, 7, 8, 9]
x: [3] in [0, 1, 2, 3, 4, 5, 6, 7, 8, 9] => [3]
y: [1] in [0, 1, 2, 3, 4, 5, 6, 7, 8, 9]
x: [3] in [0, 1, 2, 3, 4, 5, 6, 7, 8, 9] => [3]
y: [2] in [0, 1, 2, 3, 4, 5, 6, 7, 8, 9]
[[0, 1], [1, 1], [2, 1], [0, 2], [2, 2], [0, 3], [1, 3], [2, 3]]
x: [2] in [0, 1, 2, 3, 4, 5, 6, 7, 8, 9] => [2]
y: [0] in [0, 1, 2, 3, 4, 5, 6, 7, 8, 9]
x: [2] in [0, 1, 2, 3, 4, 5, 6, 7, 8, 9] => [2]
y: [1] in [0, 1, 2, 3, 4, 5, 6, 7, 8, 9]
x: [2] in [0, 1, 2, 3, 4, 5, 6, 7, 8, 9] => [2]
y: [2] in [0, 1, 2, 3, 4, 5, 6, 7, 8, 9]
x: [3] in [0, 1, 2, 3, 4, 5, 6, 7, 8, 9] => [3]
y: [0] in [0, 1, 2, 3, 4, 5, 6, 7, 8, 9]
x: [3] in [0, 1, 2, 3, 4, 5, 6, 7, 8, 9] => [3]
y: [1] in [0, 1, 2, 3, 4, 5, 6, 7, 8, 9]
x: [3] in [0, 1, 2, 3, 4, 5, 6, 7, 8, 9] => [3]
y: [2] in [0, 1, 2, 3, 4, 5, 6, 7, 8, 9]
x: [4] in [0, 1, 2, 3, 4, 5, 6, 7, 8, 9] => [4]
y: [0] in [0, 1, 2, 3, 4, 5, 6, 7, 8, 9]
x: [4] in [0, 1, 2, 3, 4, 5, 6, 7, 8, 9] => [4]
y: [1] in [0, 1, 2, 3, 4, 5, 6, 7, 8, 9]
x: [4] in [0, 1, 2, 3, 4, 5, 6, 7, 8, 9] => [4]
y: [2] in [0, 1, 2, 3, 4, 5, 6, 7, 8, 9]
[[0, 2], [1, 2], [2, 2], [0, 3], [2, 3], [0, 4], [1, 4], [2, 4]]
x: [3] in [0, 1, 2, 3, 4, 5, 6, 7, 8, 9] => [3]
y: [0] in [0, 1, 2, 3, 4, 5, 6, 7, 8, 9]
x: [3] in [0, 1, 2, 3, 4, 5, 6, 7, 8, 9] => [3]
y: [1] in [0, 1, 2, 3, 4, 5, 6, 7, 8, 9]
x: [3] in [0, 1, 2, 3, 4, 5, 6, 7, 8, 9] => [3]
y: [2] in [0, 1, 2, 3, 4, 5, 6, 7, 8, 9]
x: [4] in [0, 1, 2, 3, 4, 5, 6, 7, 8, 9] => [4]
y: [0] in [0, 1, 2, 3, 4, 5, 6, 7, 8, 9]
x: [4] in [0, 1, 2, 3, 4, 5, 6, 7, 8, 9] => [4]
y: [1] in [0, 1, 2, 3, 4, 5, 6, 7, 8, 9]
x: [4] in [0, 1, 2, 3, 4, 5, 6, 7, 8, 9] => [4]
y: [2] in [0, 1, 2, 3, 4, 5, 6, 7, 8, 9]
x: [5] in [0, 1, 2, 3, 4, 5, 6, 7, 8, 9] => [5]
y: [0] in [0, 1, 2, 3, 4, 5, 6, 7, 8, 9]
x: [5] in [0, 1, 2, 3, 4, 5, 6, 7, 8, 9] => [5]
y: [1] in [0, 1, 2, 3, 4, 5, 6, 7, 8, 9]
x: [5] in [0, 1, 2, 3, 4, 5, 6, 7, 8, 9] => [5]
y: [2] in [0, 1, 2, 3, 4, 5, 6, 7, 8, 9]
[[0, 3], [1, 3], [2, 3], [0, 4], [2, 4], [0, 5], [1, 5], [2, 5]]
x: [4] in [0, 1, 2, 3, 4, 5, 6, 7, 8, 9] => [4]
y: [0] in [0, 1, 2, 3, 4, 5, 6, 7, 8, 9]
x: [4] in [0, 1, 2, 3, 4, 5, 6, 7, 8, 9] => [4]
y: [1] in [0, 1, 2, 3, 4, 5, 6, 7, 8, 9]
x: [4] in [0, 1, 2, 3, 4, 5, 6, 7, 8, 9] => [4]
y: [2] in [0, 1, 2, 3, 4, 5, 6, 7, 8, 9]
x: [5] in [0, 1, 2, 3, 4, 5, 6, 7, 8, 9] => [5]
y: [0] in [0, 1, 2, 3, 4, 5, 6, 7, 8, 9]
x: [5] in [0, 1, 2, 3, 4, 5, 6, 7, 8, 9] => [5]
y: [1] in [0, 1, 2, 3, 4, 5, 6, 7, 8, 9]
x: [5] in [0, 1, 2, 3, 4, 5, 6, 7, 8, 9] => [5]
y: [2] in [0, 1, 2, 3, 4, 5, 6, 7, 8, 9]
x: [6] in [0, 1, 2, 3, 4, 5, 6, 7, 8, 9] => [6]
y: [0] in [0, 1, 2, 3, 4, 5, 6, 7, 8, 9]
x: [6] in [0, 1, 2, 3, 4, 5, 6, 7, 8, 9] => [6]
y: [1] in [0, 1, 2, 3, 4, 5, 6, 7, 8, 9]
x: [6] in [0, 1, 2, 3, 4, 5, 6, 7, 8, 9] => [6]
y: [2] in [0, 1, 2, 3, 4, 5, 6, 7, 8, 9]
[[0, 4], [1, 4], [2, 4], [0, 5], [2, 5], [0, 6], [1, 6], [2, 6]]
x: [5] in [0, 1, 2, 3, 4, 5, 6, 7, 8, 9] => [5]
y: [0] in [0, 1, 2, 3, 4, 5, 6, 7, 8, 9]
x: [5] in [0, 1, 2, 3, 4, 5, 6, 7, 8, 9] => [5]
y: [1] in [0, 1, 2, 3, 4, 5, 6, 7, 8, 9]
x: [5] in [0, 1, 2, 3, 4, 5, 6, 7, 8, 9] => [5]
y: [2] in [0, 1, 2, 3, 4, 5, 6, 7, 8, 9]
x: [6] in [0, 1, 2, 3, 4, 5, 6, 7, 8, 9] => [6]
y: [0] in [0, 1, 2, 3, 4, 5, 6, 7, 8, 9]
x: [6] in [0, 1, 2, 3, 4, 5, 6, 7, 8, 9] => [6]
y: [1] in [0, 1, 2, 3, 4, 5, 6, 7, 8, 9]
x: [6] in [0, 1, 2, 3, 4, 5, 6, 7, 8, 9] => [6]
y: [2] in [0, 1, 2, 3, 4, 5, 6, 7, 8, 9]
x: [7] in [0, 1, 2, 3, 4, 5, 6, 7, 8, 9] => [7]
y: [0] in [0, 1, 2, 3, 4, 5, 6, 7, 8, 9]
x: [7] in [0, 1, 2, 3, 4, 5, 6, 7, 8, 9] => [7]
y: [1] in [0, 1, 2, 3, 4, 5, 6, 7, 8, 9]
x: [7] in [0, 1, 2, 3, 4, 5, 6, 7, 8, 9] => [7]
y: [2] in [0, 1, 2, 3, 4, 5, 6, 7, 8, 9]
[[0, 5], [1, 5], [2, 5], [0, 6], [2, 6], [0, 7], [1, 7], [2, 7]]
x: [6] in [0, 1, 2, 3, 4, 5, 6, 7, 8, 9] => [6]
y: [0] in [0, 1, 2, 3, 4, 5, 6, 7, 8, 9]
x: [6] in [0, 1, 2, 3, 4, 5, 6, 7, 8, 9] => [6]
y: [1] in [0, 1, 2, 3, 4, 5, 6, 7, 8, 9]
x: [6] in [0, 1, 2, 3, 4, 5, 6, 7, 8, 9] => [6]
y: [2] in [0, 1, 2, 3, 4, 5, 6, 7, 8, 9]
x: [7] in [0, 1, 2, 3, 4, 5, 6, 7, 8, 9] => [7]
y: [0] in [0, 1, 2, 3, 4, 5, 6, 7, 8, 9]
x: [7] in [0, 1, 2, 3, 4, 5, 6, 7, 8, 9] => [7]
y: [1] in [0, 1, 2, 3, 4, 5, 6, 7, 8, 9]
x: [7] in [0, 1, 2, 3, 4, 5, 6, 7, 8, 9] => [7]
y: [2] in [0, 1, 2, 3, 4, 5, 6, 7, 8, 9]
x: [8] in [0, 1, 2, 3, 4, 5, 6, 7, 8, 9] => [8]
y: [0] in [0, 1, 2, 3, 4, 5, 6, 7, 8, 9]
x: [8] in [0, 1, 2, 3, 4, 5, 6, 7, 8, 9] => [8]
y: [1] in [0, 1, 2, 3, 4, 5, 6, 7, 8, 9]
x: [8] in [0, 1, 2, 3, 4, 5, 6, 7, 8, 9] => [8]
y: [2] in [0, 1, 2, 3, 4, 5, 6, 7, 8, 9]
[[0, 6], [1, 6], [2, 6], [0, 7], [2, 7], [0, 8], [1, 8], [2, 8]]
x: [7] in [0, 1, 2, 3, 4, 5, 6, 7, 8, 9] => [7]
y: [0] in [0, 1, 2, 3, 4, 5, 6, 7, 8, 9]
x: [7] in [0, 1, 2, 3, 4, 5, 6, 7, 8, 9] => [7]
y: [1] in [0, 1, 2, 3, 4, 5, 6, 7, 8, 9]
x: [7] in [0, 1, 2, 3, 4, 5, 6, 7, 8, 9] => [7]
y: [2] in [0, 1, 2, 3, 4, 5, 6, 7, 8, 9]
x: [8] in [0, 1, 2, 3, 4, 5, 6, 7, 8, 9] => [8]
y: [0] in [0, 1, 2, 3, 4, 5, 6, 7, 8, 9]
x: [8] in [0, 1, 2, 3, 4, 5, 6, 7, 8, 9] => [8]
y: [1] in [0, 1, 2, 3, 4, 5, 6, 7, 8, 9]
x: [8] in [0, 1, 2, 3, 4, 5, 6, 7, 8, 9] => [8]
y: [2] in [0, 1, 2, 3, 4, 5, 6, 7, 8, 9]
x: [9] in [0, 1, 2, 3, 4, 5, 6, 7, 8, 9] => [9]
y: [0] in [0, 1, 2, 3, 4, 5, 6, 7, 8, 9]
x: [9] in [0, 1, 2, 3, 4, 5, 6, 7, 8, 9] => [9]
y: [1] in [0, 1, 2, 3, 4, 5, 6, 7, 8, 9]
x: [9] in [0, 1, 2, 3, 4, 5, 6, 7, 8, 9] => [9]
y: [2] in [0, 1, 2, 3, 4, 5, 6, 7, 8, 9]
[[0, 7], [1, 7], [2, 7], [0, 8], [2, 8], [0, 9], [1, 9], [2, 9]]
x: [8] in [0, 1, 2, 3, 4, 5, 6, 7, 8, 9] => [8]
y: [0] in [0, 1, 2, 3, 4, 5, 6, 7, 8, 9]
x: [8] in [0, 1, 2, 3, 4, 5, 6, 7, 8, 9] => [8]
y: [1] in [0, 1, 2, 3, 4, 5, 6, 7, 8, 9]
x: [8] in [0, 1, 2, 3, 4, 5, 6, 7, 8, 9] => [8]
y: [2] in [0, 1, 2, 3, 4, 5, 6, 7, 8, 9]
x: [9] in [0, 1, 2, 3, 4, 5, 6, 7, 8, 9] => [9]
y: [0] in [0, 1, 2, 3, 4, 5, 6, 7, 8, 9]
x: [9] in [0, 1, 2, 3, 4, 5, 6, 7, 8, 9] => [9]
y: [1] in [0, 1, 2, 3, 4, 5, 6, 7, 8, 9]
x: [9] in [0, 1, 2, 3, 4, 5, 6, 7, 8, 9] => [9]
y: [2] in [0, 1, 2, 3, 4, 5, 6, 7, 8, 9]
x: [10] in [0, 1, 2, 3, 4, 5, 6, 7, 8, 9] => []
y: [0] in [0, 1, 2, 3, 4, 5, 6, 7, 8, 9]
x: [10] in [0, 1, 2, 3, 4, 5, 6, 7, 8, 9] => []
y: [1] in [0, 1, 2, 3, 4, 5, 6, 7, 8, 9]
x: [10] in [0, 1, 2, 3, 4, 5, 6, 7, 8, 9] => []
y: [2] in [0, 1, 2, 3, 4, 5, 6, 7, 8, 9]
[[0, 8], [1, 8], [2, 8], [0, 9], [2, 9], [0, 10], [1, 10], [2, 10]]
nowy
x: [-1] in [0, 1, 2, 3, 4, 5, 6, 7, 8, 9] => []
y: [1] in [0, 1, 2, 3, 4, 5, 6, 7, 8, 9]
x: [-1] in [0, 1, 2, 3, 4, 5, 6, 7, 8, 9] => []
y: [2] in [0, 1, 2, 3, 4, 5, 6, 7, 8, 9]
x: [-1] in [0, 1, 2, 3, 4, 5, 6, 7, 8, 9] => []
y: [3] in [0, 1, 2, 3, 4, 5, 6, 7, 8, 9]
x: [0] in [0, 1, 2, 3, 4, 5, 6, 7, 8, 9] => [0]
y: [1] in [0, 1, 2, 3, 4, 5, 6, 7, 8, 9]
x: [0] in [0, 1, 2, 3, 4, 5, 6, 7, 8, 9] => [0]
y: [2] in [0, 1, 2, 3, 4, 5, 6, 7, 8, 9]
x: [0] in [0, 1, 2, 3, 4, 5, 6, 7, 8, 9] => [0]
y: [3] in [0, 1, 2, 3, 4, 5, 6, 7, 8, 9]
x: [1] in [0, 1, 2, 3, 4, 5, 6, 7, 8, 9] => [1]
y: [1] in [0, 1, 2, 3, 4, 5, 6, 7, 8, 9]
x: [1] in [0, 1, 2, 3, 4, 5, 6, 7, 8, 9] => [1]
y: [2] in [0, 1, 2, 3, 4, 5, 6, 7, 8, 9]
x: [1] in [0, 1, 2, 3, 4, 5, 6, 7, 8, 9] => [1]
y: [3] in [0, 1, 2, 3, 4, 5, 6, 7, 8, 9]
[[1, -1], [2, -1], [3, -1], [1, 0], [3, 0], [1, 1], [2, 1], [3, 1]]
x: [0] in [0, 1, 2, 3, 4, 5, 6, 7, 8, 9] => [0]
y: [1] in [0, 1, 2, 3, 4, 5, 6, 7, 8, 9]
x: [0] in [0, 1, 2, 3, 4, 5, 6, 7, 8, 9] => [0]
y: [2] in [0, 1, 2, 3, 4, 5, 6, 7, 8, 9]
x: [0] in [0, 1, 2, 3, 4, 5, 6, 7, 8, 9] => [0]
y: [3] in [0, 1, 2, 3, 4, 5, 6, 7, 8, 9]
x: [1] in [0, 1, 2, 3, 4, 5, 6, 7, 8, 9] => [1]
y: [1] in [0, 1, 2, 3, 4, 5, 6, 7, 8, 9]
x: [1] in [0, 1, 2, 3, 4, 5, 6, 7, 8, 9] => [1]
y: [2] in [0, 1, 2, 3, 4, 5, 6, 7, 8, 9]
x: [1] in [0, 1, 2, 3, 4, 5, 6, 7, 8, 9] => [1]
y: [3] in [0, 1, 2, 3, 4, 5, 6, 7, 8, 9]
x: [2] in [0, 1, 2, 3, 4, 5, 6, 7, 8, 9] => [2]
y: [1] in [0, 1, 2, 3, 4, 5, 6, 7, 8, 9]
x: [2] in [0, 1, 2, 3, 4, 5, 6, 7, 8, 9] => [2]
y: [2] in [0, 1, 2, 3, 4, 5, 6, 7, 8, 9]
x: [2] in [0, 1, 2, 3, 4, 5, 6, 7, 8, 9] => [2]
y: [3] in [0, 1, 2, 3, 4, 5, 6, 7, 8, 9]
[[1, 0], [2, 0], [3, 0], [1, 1], [3, 1], [1, 2], [2, 2], [3, 2]]
x: [1] in [0, 1, 2, 3, 4, 5, 6, 7, 8, 9] => [1]
y: [1] in [0, 1, 2, 3, 4, 5, 6, 7, 8, 9]
x: [1] in [0, 1, 2, 3, 4, 5, 6, 7, 8, 9] => [1]
y: [2] in [0, 1, 2, 3, 4, 5, 6, 7, 8, 9]
x: [1] in [0, 1, 2, 3, 4, 5, 6, 7, 8, 9] => [1]
y: [3] in [0, 1, 2, 3, 4, 5, 6, 7, 8, 9]
x: [2] in [0, 1, 2, 3, 4, 5, 6, 7, 8, 9] => [2]
y: [1] in [0, 1, 2, 3, 4, 5, 6, 7, 8, 9]
x: [2] in [0, 1, 2, 3, 4, 5, 6, 7, 8, 9] => [2]
y: [2] in [0, 1, 2, 3, 4, 5, 6, 7, 8, 9]
x: [2] in [0, 1, 2, 3, 4, 5, 6, 7, 8, 9] => [2]
y: [3] in [0, 1, 2, 3, 4, 5, 6, 7, 8, 9]
x: [3] in [0, 1, 2, 3, 4, 5, 6, 7, 8, 9] => [3]
y: [1] in [0, 1, 2, 3, 4, 5, 6, 7, 8, 9]
x: [3] in [0, 1, 2, 3, 4, 5, 6, 7, 8, 9] => [3]
y: [2] in [0, 1, 2, 3, 4, 5, 6, 7, 8, 9]
x: [3] in [0, 1, 2, 3, 4, 5, 6, 7, 8, 9] => [3]
y: [3] in [0, 1, 2, 3, 4, 5, 6, 7, 8, 9]
[[1, 1], [2, 1], [3, 1], [1, 2], [3, 2], [1, 3], [2, 3], [3, 3]]
x: [2] in [0, 1, 2, 3, 4, 5, 6, 7, 8, 9] => [2]
y: [1] in [0, 1, 2, 3, 4, 5, 6, 7, 8, 9]
x: [2] in [0, 1, 2, 3, 4, 5, 6, 7, 8, 9] => [2]
y: [2] in [0, 1, 2, 3, 4, 5, 6, 7, 8, 9]
x: [2] in [0, 1, 2, 3, 4, 5, 6, 7, 8, 9] => [2]
y: [3] in [0, 1, 2, 3, 4, 5, 6, 7, 8, 9]
x: [3] in [0, 1, 2, 3, 4, 5, 6, 7, 8, 9] => [3]
y: [1] in [0, 1, 2, 3, 4, 5, 6, 7, 8, 9]
x: [3] in [0, 1, 2, 3, 4, 5, 6, 7, 8, 9] => [3]
y: [2] in [0, 1, 2, 3, 4, 5, 6, 7, 8, 9]
x: [3] in [0, 1, 2, 3, 4, 5, 6, 7, 8, 9] => [3]
y: [3] in [0, 1, 2, 3, 4, 5, 6, 7, 8, 9]
x: [4] in [0, 1, 2, 3, 4, 5, 6, 7, 8, 9] => [4]
y: [1] in [0, 1, 2, 3, 4, 5, 6, 7, 8, 9]
x: [4] in [0, 1, 2, 3, 4, 5, 6, 7, 8, 9] => [4]
y: [2] in [0, 1, 2, 3, 4, 5, 6, 7, 8, 9]
x: [4] in [0, 1, 2, 3, 4, 5, 6, 7, 8, 9] => [4]
y: [3] in [0, 1, 2, 3, 4, 5, 6, 7, 8, 9]
[[1, 2], [2, 2], [3, 2], [1, 3], [3, 3], [1, 4], [2, 4], [3, 4]]
x: [3] in [0, 1, 2, 3, 4, 5, 6, 7, 8, 9] => [3]
y: [1] in [0, 1, 2, 3, 4, 5, 6, 7, 8, 9]
x: [3] in [0, 1, 2, 3, 4, 5, 6, 7, 8, 9] => [3]
y: [2] in [0, 1, 2, 3, 4, 5, 6, 7, 8, 9]
x: [3] in [0, 1, 2, 3, 4, 5, 6, 7, 8, 9] => [3]
y: [3] in [0, 1, 2, 3, 4, 5, 6, 7, 8, 9]
x: [4] in [0, 1, 2, 3, 4, 5, 6, 7, 8, 9] => [4]
y: [1] in [0, 1, 2, 3, 4, 5, 6, 7, 8, 9]
x: [4] in [0, 1, 2, 3, 4, 5, 6, 7, 8, 9] => [4]
y: [2] in [0, 1, 2, 3, 4, 5, 6, 7, 8, 9]
x: [4] in [0, 1, 2, 3, 4, 5, 6, 7, 8, 9] => [4]
y: [3] in [0, 1, 2, 3, 4, 5, 6, 7, 8, 9]
x: [5] in [0, 1, 2, 3, 4, 5, 6, 7, 8, 9] => [5]
y: [1] in [0, 1, 2, 3, 4, 5, 6, 7, 8, 9]
x: [5] in [0, 1, 2, 3, 4, 5, 6, 7, 8, 9] => [5]
y: [2] in [0, 1, 2, 3, 4, 5, 6, 7, 8, 9]
x: [5] in [0, 1, 2, 3, 4, 5, 6, 7, 8, 9] => [5]
y: [3] in [0, 1, 2, 3, 4, 5, 6, 7, 8, 9]
[[1, 3], [2, 3], [3, 3], [1, 4], [3, 4], [1, 5], [2, 5], [3, 5]]
x: [4] in [0, 1, 2, 3, 4, 5, 6, 7, 8, 9] => [4]
y: [1] in [0, 1, 2, 3, 4, 5, 6, 7, 8, 9]
x: [4] in [0, 1, 2, 3, 4, 5, 6, 7, 8, 9] => [4]
y: [2] in [0, 1, 2, 3, 4, 5, 6, 7, 8, 9]
x: [4] in [0, 1, 2, 3, 4, 5, 6, 7, 8, 9] => [4]
y: [3] in [0, 1, 2, 3, 4, 5, 6, 7, 8, 9]
x: [5] in [0, 1, 2, 3, 4, 5, 6, 7, 8, 9] => [5]
y: [1] in [0, 1, 2, 3, 4, 5, 6, 7, 8, 9]
x: [5] in [0, 1, 2, 3, 4, 5, 6, 7, 8, 9] => [5]
y: [2] in [0, 1, 2, 3, 4, 5, 6, 7, 8, 9]
x: [5] in [0, 1, 2, 3, 4, 5, 6, 7, 8, 9] => [5]
y: [3] in [0, 1, 2, 3, 4, 5, 6, 7, 8, 9]
x: [6] in [0, 1, 2, 3, 4, 5, 6, 7, 8, 9] => [6]
y: [1] in [0, 1, 2, 3, 4, 5, 6, 7, 8, 9]
x: [6] in [0, 1, 2, 3, 4, 5, 6, 7, 8, 9] => [6]
y: [2] in [0, 1, 2, 3, 4, 5, 6, 7, 8, 9]
x: [6] in [0, 1, 2, 3, 4, 5, 6, 7, 8, 9] => [6]
y: [3] in [0, 1, 2, 3, 4, 5, 6, 7, 8, 9]
[[1, 4], [2, 4], [3, 4], [1, 5], [3, 5], [1, 6], [2, 6], [3, 6]]
x: [5] in [0, 1, 2, 3, 4, 5, 6, 7, 8, 9] => [5]
y: [1] in [0, 1, 2, 3, 4, 5, 6, 7, 8, 9]
x: [5] in [0, 1, 2, 3, 4, 5, 6, 7, 8, 9] => [5]
y: [2] in [0, 1, 2, 3, 4, 5, 6, 7, 8, 9]
x: [5] in [0, 1, 2, 3, 4, 5, 6, 7, 8, 9] => [5]
y: [3] in [0, 1, 2, 3, 4, 5, 6, 7, 8, 9]
x: [6] in [0, 1, 2, 3, 4, 5, 6, 7, 8, 9] => [6]
y: [1] in [0, 1, 2, 3, 4, 5, 6, 7, 8, 9]
x: [6] in [0, 1, 2, 3, 4, 5, 6, 7, 8, 9] => [6]
y: [2] in [0, 1, 2, 3, 4, 5, 6, 7, 8, 9]
x: [6] in [0, 1, 2, 3, 4, 5, 6, 7, 8, 9] => [6]
y: [3] in [0, 1, 2, 3, 4, 5, 6, 7, 8, 9]
x: [7] in [0, 1, 2, 3, 4, 5, 6, 7, 8, 9] => [7]
y: [1] in [0, 1, 2, 3, 4, 5, 6, 7, 8, 9]
x: [7] in [0, 1, 2, 3, 4, 5, 6, 7, 8, 9] => [7]
y: [2] in [0, 1, 2, 3, 4, 5, 6, 7, 8, 9]
x: [7] in [0, 1, 2, 3, 4, 5, 6, 7, 8, 9] => [7]
y: [3] in [0, 1, 2, 3, 4, 5, 6, 7, 8, 9]
[[1, 5], [2, 5], [3, 5], [1, 6], [3, 6], [1, 7], [2, 7], [3, 7]]
x: [6] in [0, 1, 2, 3, 4, 5, 6, 7, 8, 9] => [6]
y: [1] in [0, 1, 2, 3, 4, 5, 6, 7, 8, 9]
x: [6] in [0, 1, 2, 3, 4, 5, 6, 7, 8, 9] => [6]
y: [2] in [0, 1, 2, 3, 4, 5, 6, 7, 8, 9]
x: [6] in [0, 1, 2, 3, 4, 5, 6, 7, 8, 9] => [6]
y: [3] in [0, 1, 2, 3, 4, 5, 6, 7, 8, 9]
x: [7] in [0, 1, 2, 3, 4, 5, 6, 7, 8, 9] => [7]
y: [1] in [0, 1, 2, 3, 4, 5, 6, 7, 8, 9]
x: [7] in [0, 1, 2, 3, 4, 5, 6, 7, 8, 9] => [7]
y: [2] in [0, 1, 2, 3, 4, 5, 6, 7, 8, 9]
x: [7] in [0, 1, 2, 3, 4, 5, 6, 7, 8, 9] => [7]
y: [3] in [0, 1, 2, 3, 4, 5, 6, 7, 8, 9]
x: [8] in [0, 1, 2, 3, 4, 5, 6, 7, 8, 9] => [8]
y: [1] in [0, 1, 2, 3, 4, 5, 6, 7, 8, 9]
x: [8] in [0, 1, 2, 3, 4, 5, 6, 7, 8, 9] => [8]
y: [2] in [0, 1, 2, 3, 4, 5, 6, 7, 8, 9]
x: [8] in [0, 1, 2, 3, 4, 5, 6, 7, 8, 9] => [8]
y: [3] in [0, 1, 2, 3, 4, 5, 6, 7, 8, 9]
[[1, 6], [2, 6], [3, 6], [1, 7], [3, 7], [1, 8], [2, 8], [3, 8]]
x: [7] in [0, 1, 2, 3, 4, 5, 6, 7, 8, 9] => [7]
y: [1] in [0, 1, 2, 3, 4, 5, 6, 7, 8, 9]
x: [7] in [0, 1, 2, 3, 4, 5, 6, 7, 8, 9] => [7]
y: [2] in [0, 1, 2, 3, 4, 5, 6, 7, 8, 9]
x: [7] in [0, 1, 2, 3, 4, 5, 6, 7, 8, 9] => [7]
y: [3] in [0, 1, 2, 3, 4, 5, 6, 7, 8, 9]
x: [8] in [0, 1, 2, 3, 4, 5, 6, 7, 8, 9] => [8]
y: [1] in [0, 1, 2, 3, 4, 5, 6, 7, 8, 9]
x: [8] in [0, 1, 2, 3, 4, 5, 6, 7, 8, 9] => [8]
y: [2] in [0, 1, 2, 3, 4, 5, 6, 7, 8, 9]
x: [8] in [0, 1, 2, 3, 4, 5, 6, 7, 8, 9] => [8]
y: [3] in [0, 1, 2, 3, 4, 5, 6, 7, 8, 9]
x: [9] in [0, 1, 2, 3, 4, 5, 6, 7, 8, 9] => [9]
y: [1] in [0, 1, 2, 3, 4, 5, 6, 7, 8, 9]
x: [9] in [0, 1, 2, 3, 4, 5, 6, 7, 8, 9] => [9]
y: [2] in [0, 1, 2, 3, 4, 5, 6, 7, 8, 9]
x: [9] in [0, 1, 2, 3, 4, 5, 6, 7, 8, 9] => [9]
y: [3] in [0, 1, 2, 3, 4, 5, 6, 7, 8, 9]
[[1, 7], [2, 7], [3, 7], [1, 8], [3, 8], [1, 9], [2, 9], [3, 9]]
x: [8] in [0, 1, 2, 3, 4, 5, 6, 7, 8, 9] => [8]
y: [1] in [0, 1, 2, 3, 4, 5, 6, 7, 8, 9]
x: [8] in [0, 1, 2, 3, 4, 5, 6, 7, 8, 9] => [8]
y: [2] in [0, 1, 2, 3, 4, 5, 6, 7, 8, 9]
x: [8] in [0, 1, 2, 3, 4, 5, 6, 7, 8, 9] => [8]
y: [3] in [0, 1, 2, 3, 4, 5, 6, 7, 8, 9]
x: [9] in [0, 1, 2, 3, 4, 5, 6, 7, 8, 9] => [9]
y: [1] in [0, 1, 2, 3, 4, 5, 6, 7, 8, 9]
x: [9] in [0, 1, 2, 3, 4, 5, 6, 7, 8, 9] => [9]
y: [2] in [0, 1, 2, 3, 4, 5, 6, 7, 8, 9]
x: [9] in [0, 1, 2, 3, 4, 5, 6, 7, 8, 9] => [9]
y: [3] in [0, 1, 2, 3, 4, 5, 6, 7, 8, 9]
x: [10] in [0, 1, 2, 3, 4, 5, 6, 7, 8, 9] => []
y: [1] in [0, 1, 2, 3, 4, 5, 6, 7, 8, 9]
x: [10] in [0, 1, 2, 3, 4, 5, 6, 7, 8, 9] => []
y: [2] in [0, 1, 2, 3, 4, 5, 6, 7, 8, 9]
x: [10] in [0, 1, 2, 3, 4, 5, 6, 7, 8, 9] => []
y: [3] in [0, 1, 2, 3, 4, 5, 6, 7, 8, 9]
[[1, 8], [2, 8], [3, 8], [1, 9], [3, 9], [1, 10], [2, 10], [3, 10]]
nowy
x: [-1] in [0, 1, 2, 3, 4, 5, 6, 7, 8, 9] => []
y: [2] in [0, 1, 2, 3, 4, 5, 6, 7, 8, 9]
x: [-1] in [0, 1, 2, 3, 4, 5, 6, 7, 8, 9] => []
y: [3] in [0, 1, 2, 3, 4, 5, 6, 7, 8, 9]
x: [-1] in [0, 1, 2, 3, 4, 5, 6, 7, 8, 9] => []
y: [4] in [0, 1, 2, 3, 4, 5, 6, 7, 8, 9]
x: [0] in [0, 1, 2, 3, 4, 5, 6, 7, 8, 9] => [0]
y: [2] in [0, 1, 2, 3, 4, 5, 6, 7, 8, 9]
x: [0] in [0, 1, 2, 3, 4, 5, 6, 7, 8, 9] => [0]
y: [3] in [0, 1, 2, 3, 4, 5, 6, 7, 8, 9]
x: [0] in [0, 1, 2, 3, 4, 5, 6, 7, 8, 9] => [0]
y: [4] in [0, 1, 2, 3, 4, 5, 6, 7, 8, 9]
x: [1] in [0, 1, 2, 3, 4, 5, 6, 7, 8, 9] => [1]
y: [2] in [0, 1, 2, 3, 4, 5, 6, 7, 8, 9]
x: [1] in [0, 1, 2, 3, 4, 5, 6, 7, 8, 9] => [1]
y: [3] in [0, 1, 2, 3, 4, 5, 6, 7, 8, 9]
x: [1] in [0, 1, 2, 3, 4, 5, 6, 7, 8, 9] => [1]
y: [4] in [0, 1, 2, 3, 4, 5, 6, 7, 8, 9]
[[2, -1], [3, -1], [4, -1], [2, 0], [4, 0], [2, 1], [3, 1], [4, 1]]
x: [0] in [0, 1, 2, 3, 4, 5, 6, 7, 8, 9] => [0]
y: [2] in [0, 1, 2, 3, 4, 5, 6, 7, 8, 9]
x: [0] in [0, 1, 2, 3, 4, 5, 6, 7, 8, 9] => [0]
y: [3] in [0, 1, 2, 3, 4, 5, 6, 7, 8, 9]
x: [0] in [0, 1, 2, 3, 4, 5, 6, 7, 8, 9] => [0]
y: [4] in [0, 1, 2, 3, 4, 5, 6, 7, 8, 9]
x: [1] in [0, 1, 2, 3, 4, 5, 6, 7, 8, 9] => [1]
y: [2] in [0, 1, 2, 3, 4, 5, 6, 7, 8, 9]
x: [1] in [0, 1, 2, 3, 4, 5, 6, 7, 8, 9] => [1]
y: [3] in [0, 1, 2, 3, 4, 5, 6, 7, 8, 9]
x: [1] in [0, 1, 2, 3, 4, 5, 6, 7, 8, 9] => [1]
y: [4] in [0, 1, 2, 3, 4, 5, 6, 7, 8, 9]
x: [2] in [0, 1, 2, 3, 4, 5, 6, 7, 8, 9] => [2]
y: [2] in [0, 1, 2, 3, 4, 5, 6, 7, 8, 9]
x: [2] in [0, 1, 2, 3, 4, 5, 6, 7, 8, 9] => [2]
y: [3] in [0, 1, 2, 3, 4, 5, 6, 7, 8, 9]
x: [2] in [0, 1, 2, 3, 4, 5, 6, 7, 8, 9] => [2]
y: [4] in [0, 1, 2, 3, 4, 5, 6, 7, 8, 9]
[[2, 0], [3, 0], [4, 0], [2, 1], [4, 1], [2, 2], [3, 2], [4, 2]]
x: [1] in [0, 1, 2, 3, 4, 5, 6, 7, 8, 9] => [1]
y: [2] in [0, 1, 2, 3, 4, 5, 6, 7, 8, 9]
x: [1] in [0, 1, 2, 3, 4, 5, 6, 7, 8, 9] => [1]
y: [3] in [0, 1, 2, 3, 4, 5, 6, 7, 8, 9]
x: [1] in [0, 1, 2, 3, 4, 5, 6, 7, 8, 9] => [1]
y: [4] in [0, 1, 2, 3, 4, 5, 6, 7, 8, 9]
x: [2] in [0, 1, 2, 3, 4, 5, 6, 7, 8, 9] => [2]
y: [2] in [0, 1, 2, 3, 4, 5, 6, 7, 8, 9]
x: [2] in [0, 1, 2, 3, 4, 5, 6, 7, 8, 9] => [2]
y: [3] in [0, 1, 2, 3, 4, 5, 6, 7, 8, 9]
x: [2] in [0, 1, 2, 3, 4, 5, 6, 7, 8, 9] => [2]
y: [4] in [0, 1, 2, 3, 4, 5, 6, 7, 8, 9]
x: [3] in [0, 1, 2, 3, 4, 5, 6, 7, 8, 9] => [3]
y: [2] in [0, 1, 2, 3, 4, 5, 6, 7, 8, 9]
x: [3] in [0, 1, 2, 3, 4, 5, 6, 7, 8, 9] => [3]
y: [3] in [0, 1, 2, 3, 4, 5, 6, 7, 8, 9]
x: [3] in [0, 1, 2, 3, 4, 5, 6, 7, 8, 9] => [3]
y: [4] in [0, 1, 2, 3, 4, 5, 6, 7, 8, 9]
[[2, 1], [3, 1], [4, 1], [2, 2], [4, 2], [2, 3], [3, 3], [4, 3]]
x: [2] in [0, 1, 2, 3, 4, 5, 6, 7, 8, 9] => [2]
y: [2] in [0, 1, 2, 3, 4, 5, 6, 7, 8, 9]
x: [2] in [0, 1, 2, 3, 4, 5, 6, 7, 8, 9] => [2]
y: [3] in [0, 1, 2, 3, 4, 5, 6, 7, 8, 9]
x: [2] in [0, 1, 2, 3, 4, 5, 6, 7, 8, 9] => [2]
y: [4] in [0, 1, 2, 3, 4, 5, 6, 7, 8, 9]
x: [3] in [0, 1, 2, 3, 4, 5, 6, 7, 8, 9] => [3]
y: [2] in [0, 1, 2, 3, 4, 5, 6, 7, 8, 9]
x: [3] in [0, 1, 2, 3, 4, 5, 6, 7, 8, 9] => [3]
y: [3] in [0, 1, 2, 3, 4, 5, 6, 7, 8, 9]
x: [3] in [0, 1, 2, 3, 4, 5, 6, 7, 8, 9] => [3]
y: [4] in [0, 1, 2, 3, 4, 5, 6, 7, 8, 9]
x: [4] in [0, 1, 2, 3, 4, 5, 6, 7, 8, 9] => [4]
y: [2] in [0, 1, 2, 3, 4, 5, 6, 7, 8, 9]
x: [4] in [0, 1, 2, 3, 4, 5, 6, 7, 8, 9] => [4]
y: [3] in [0, 1, 2, 3, 4, 5, 6, 7, 8, 9]
x: [4] in [0, 1, 2, 3, 4, 5, 6, 7, 8, 9] => [4]
y: [4] in [0, 1, 2, 3, 4, 5, 6, 7, 8, 9]
[[2, 2], [3, 2], [4, 2], [2, 3], [4, 3], [2, 4], [3, 4], [4, 4]]
x: [3] in [0, 1, 2, 3, 4, 5, 6, 7, 8, 9] => [3]
y: [2] in [0, 1, 2, 3, 4, 5, 6, 7, 8, 9]
x: [3] in [0, 1, 2, 3, 4, 5, 6, 7, 8, 9] => [3]
y: [3] in [0, 1, 2, 3, 4, 5, 6, 7, 8, 9]
x: [3] in [0, 1, 2, 3, 4, 5, 6, 7, 8, 9] => [3]
y: [4] in [0, 1, 2, 3, 4, 5, 6, 7, 8, 9]
x: [4] in [0, 1, 2, 3, 4, 5, 6, 7, 8, 9] => [4]
y: [2] in [0, 1, 2, 3, 4, 5, 6, 7, 8, 9]
x: [4] in [0, 1, 2, 3, 4, 5, 6, 7, 8, 9] => [4]
y: [3] in [0, 1, 2, 3, 4, 5, 6, 7, 8, 9]
x: [4] in [0, 1, 2, 3, 4, 5, 6, 7, 8, 9] => [4]
y: [4] in [0, 1, 2, 3, 4, 5, 6, 7, 8, 9]
x: [5] in [0, 1, 2, 3, 4, 5, 6, 7, 8, 9] => [5]
y: [2] in [0, 1, 2, 3, 4, 5, 6, 7, 8, 9]
x: [5] in [0, 1, 2, 3, 4, 5, 6, 7, 8, 9] => [5]
y: [3] in [0, 1, 2, 3, 4, 5, 6, 7, 8, 9]
x: [5] in [0, 1, 2, 3, 4, 5, 6, 7, 8, 9] => [5]
y: [4] in [0, 1, 2, 3, 4, 5, 6, 7, 8, 9]
[[2, 3], [3, 3], [4, 3], [2, 4], [4, 4], [2, 5], [3, 5], [4, 5]]
x: [4] in [0, 1, 2, 3, 4, 5, 6, 7, 8, 9] => [4]
y: [2] in [0, 1, 2, 3, 4, 5, 6, 7, 8, 9]
x: [4] in [0, 1, 2, 3, 4, 5, 6, 7, 8, 9] => [4]
y: [3] in [0, 1, 2, 3, 4, 5, 6, 7, 8, 9]
x: [4] in [0, 1, 2, 3, 4, 5, 6, 7, 8, 9] => [4]
y: [4] in [0, 1, 2, 3, 4, 5, 6, 7, 8, 9]
x: [5] in [0, 1, 2, 3, 4, 5, 6, 7, 8, 9] => [5]
y: [2] in [0, 1, 2, 3, 4, 5, 6, 7, 8, 9]
x: [5] in [0, 1, 2, 3, 4, 5, 6, 7, 8, 9] => [5]
y: [3] in [0, 1, 2, 3, 4, 5, 6, 7, 8, 9]
x: [5] in [0, 1, 2, 3, 4, 5, 6, 7, 8, 9] => [5]
y: [4] in [0, 1, 2, 3, 4, 5, 6, 7, 8, 9]
x: [6] in [0, 1, 2, 3, 4, 5, 6, 7, 8, 9] => [6]
y: [2] in [0, 1, 2, 3, 4, 5, 6, 7, 8, 9]
x: [6] in [0, 1, 2, 3, 4, 5, 6, 7, 8, 9] => [6]
y: [3] in [0, 1, 2, 3, 4, 5, 6, 7, 8, 9]
x: [6] in [0, 1, 2, 3, 4, 5, 6, 7, 8, 9] => [6]
y: [4] in [0, 1, 2, 3, 4, 5, 6, 7, 8, 9]
[[2, 4], [3, 4], [4, 4], [2, 5], [4, 5], [2, 6], [3, 6], [4, 6]]
x: [5] in [0, 1, 2, 3, 4, 5, 6, 7, 8, 9] => [5]
y: [2] in [0, 1, 2, 3, 4, 5, 6, 7, 8, 9]
x: [5] in [0, 1, 2, 3, 4, 5, 6, 7, 8, 9] => [5]
y: [3] in [0, 1, 2, 3, 4, 5, 6, 7, 8, 9]
x: [5] in [0, 1, 2, 3, 4, 5, 6, 7, 8, 9] => [5]
y: [4] in [0, 1, 2, 3, 4, 5, 6, 7, 8, 9]
x: [6] in [0, 1, 2, 3, 4, 5, 6, 7, 8, 9] => [6]
y: [2] in [0, 1, 2, 3, 4, 5, 6, 7, 8, 9]
x: [6] in [0, 1, 2, 3, 4, 5, 6, 7, 8, 9] => [6]
y: [3] in [0, 1, 2, 3, 4, 5, 6, 7, 8, 9]
x: [6] in [0, 1, 2, 3, 4, 5, 6, 7, 8, 9] => [6]
y: [4] in [0, 1, 2, 3, 4, 5, 6, 7, 8, 9]
x: [7] in [0, 1, 2, 3, 4, 5, 6, 7, 8, 9] => [7]
y: [2] in [0, 1, 2, 3, 4, 5, 6, 7, 8, 9]
x: [7] in [0, 1, 2, 3, 4, 5, 6, 7, 8, 9] => [7]
y: [3] in [0, 1, 2, 3, 4, 5, 6, 7, 8, 9]
x: [7] in [0, 1, 2, 3, 4, 5, 6, 7, 8, 9] => [7]
y: [4] in [0, 1, 2, 3, 4, 5, 6, 7, 8, 9]
[[2, 5], [3, 5], [4, 5], [2, 6], [4, 6], [2, 7], [3, 7], [4, 7]]
x: [6] in [0, 1, 2, 3, 4, 5, 6, 7, 8, 9] => [6]
y: [2] in [0, 1, 2, 3, 4, 5, 6, 7, 8, 9]
x: [6] in [0, 1, 2, 3, 4, 5, 6, 7, 8, 9] => [6]
y: [3] in [0, 1, 2, 3, 4, 5, 6, 7, 8, 9]
x: [6] in [0, 1, 2, 3, 4, 5, 6, 7, 8, 9] => [6]
y: [4] in [0, 1, 2, 3, 4, 5, 6, 7, 8, 9]
x: [7] in [0, 1, 2, 3, 4, 5, 6, 7, 8, 9] => [7]
y: [2] in [0, 1, 2, 3, 4, 5, 6, 7, 8, 9]
x: [7] in [0, 1, 2, 3, 4, 5, 6, 7, 8, 9] => [7]
y: [3] in [0, 1, 2, 3, 4, 5, 6, 7, 8, 9]
x: [7] in [0, 1, 2, 3, 4, 5, 6, 7, 8, 9] => [7]
y: [4] in [0, 1, 2, 3, 4, 5, 6, 7, 8, 9]
x: [8] in [0, 1, 2, 3, 4, 5, 6, 7, 8, 9] => [8]
y: [2] in [0, 1, 2, 3, 4, 5, 6, 7, 8, 9]
x: [8] in [0, 1, 2, 3, 4, 5, 6, 7, 8, 9] => [8]
y: [3] in [0, 1, 2, 3, 4, 5, 6, 7, 8, 9]
x: [8] in [0, 1, 2, 3, 4, 5, 6, 7, 8, 9] => [8]
y: [4] in [0, 1, 2, 3, 4, 5, 6, 7, 8, 9]
[[2, 6], [3, 6], [4, 6], [2, 7], [4, 7], [2, 8], [3, 8], [4, 8]]
x: [7] in [0, 1, 2, 3, 4, 5, 6, 7, 8, 9] => [7]
y: [2] in [0, 1, 2, 3, 4, 5, 6, 7, 8, 9]
x: [7] in [0, 1, 2, 3, 4, 5, 6, 7, 8, 9] => [7]
y: [3] in [0, 1, 2, 3, 4, 5, 6, 7, 8, 9]
x: [7] in [0, 1, 2, 3, 4, 5, 6, 7, 8, 9] => [7]
y: [4] in [0, 1, 2, 3, 4, 5, 6, 7, 8, 9]
x: [8] in [0, 1, 2, 3, 4, 5, 6, 7, 8, 9] => [8]
y: [2] in [0, 1, 2, 3, 4, 5, 6, 7, 8, 9]
x: [8] in [0, 1, 2, 3, 4, 5, 6, 7, 8, 9] => [8]
y: [3] in [0, 1, 2, 3, 4, 5, 6, 7, 8, 9]
x: [8] in [0, 1, 2, 3, 4, 5, 6, 7, 8, 9] => [8]
y: [4] in [0, 1, 2, 3, 4, 5, 6, 7, 8, 9]
x: [9] in [0, 1, 2, 3, 4, 5, 6, 7, 8, 9] => [9]
y: [2] in [0, 1, 2, 3, 4, 5, 6, 7, 8, 9]
x: [9] in [0, 1, 2, 3, 4, 5, 6, 7, 8, 9] => [9]
y: [3] in [0, 1, 2, 3, 4, 5, 6, 7, 8, 9]
x: [9] in [0, 1, 2, 3, 4, 5, 6, 7, 8, 9] => [9]
y: [4] in [0, 1, 2, 3, 4, 5, 6, 7, 8, 9]
[[2, 7], [3, 7], [4, 7], [2, 8], [4, 8], [2, 9], [3, 9], [4, 9]]
x: [8] in [0, 1, 2, 3, 4, 5, 6, 7, 8, 9] => [8]
y: [2] in [0, 1, 2, 3, 4, 5, 6, 7, 8, 9]
x: [8] in [0, 1, 2, 3, 4, 5, 6, 7, 8, 9] => [8]
y: [3] in [0, 1, 2, 3, 4, 5, 6, 7, 8, 9]
x: [8] in [0, 1, 2, 3, 4, 5, 6, 7, 8, 9] => [8]
y: [4] in [0, 1, 2, 3, 4, 5, 6, 7, 8, 9]
x: [9] in [0, 1, 2, 3, 4, 5, 6, 7, 8, 9] => [9]
y: [2] in [0, 1, 2, 3, 4, 5, 6, 7, 8, 9]
x: [9] in [0, 1, 2, 3, 4, 5, 6, 7, 8, 9] => [9]
y: [3] in [0, 1, 2, 3, 4, 5, 6, 7, 8, 9]
x: [9] in [0, 1, 2, 3, 4, 5, 6, 7, 8, 9] => [9]
y: [4] in [0, 1, 2, 3, 4, 5, 6, 7, 8, 9]
x: [10] in [0, 1, 2, 3, 4, 5, 6, 7, 8, 9] => []
y: [2] in [0, 1, 2, 3, 4, 5, 6, 7, 8, 9]
x: [10] in [0, 1, 2, 3, 4, 5, 6, 7, 8, 9] => []
y: [3] in [0, 1, 2, 3, 4, 5, 6, 7, 8, 9]
x: [10] in [0, 1, 2, 3, 4, 5, 6, 7, 8, 9] => []
y: [4] in [0, 1, 2, 3, 4, 5, 6, 7, 8, 9]
[[2, 8], [3, 8], [4, 8], [2, 9], [4, 9], [2, 10], [3, 10], [4, 10]]
nowy
x: [-1] in [0, 1, 2, 3, 4, 5, 6, 7, 8, 9] => []
y: [3] in [0, 1, 2, 3, 4, 5, 6, 7, 8, 9]
x: [-1] in [0, 1, 2, 3, 4, 5, 6, 7, 8, 9] => []
y: [4] in [0, 1, 2, 3, 4, 5, 6, 7, 8, 9]
x: [-1] in [0, 1, 2, 3, 4, 5, 6, 7, 8, 9] => []
y: [5] in [0, 1, 2, 3, 4, 5, 6, 7, 8, 9]
x: [0] in [0, 1, 2, 3, 4, 5, 6, 7, 8, 9] => [0]
y: [3] in [0, 1, 2, 3, 4, 5, 6, 7, 8, 9]
x: [0] in [0, 1, 2, 3, 4, 5, 6, 7, 8, 9] => [0]
y: [4] in [0, 1, 2, 3, 4, 5, 6, 7, 8, 9]
x: [0] in [0, 1, 2, 3, 4, 5, 6, 7, 8, 9] => [0]
y: [5] in [0, 1, 2, 3, 4, 5, 6, 7, 8, 9]
x: [1] in [0, 1, 2, 3, 4, 5, 6, 7, 8, 9] => [1]
y: [3] in [0, 1, 2, 3, 4, 5, 6, 7, 8, 9]
x: [1] in [0, 1, 2, 3, 4, 5, 6, 7, 8, 9] => [1]
y: [4] in [0, 1, 2, 3, 4, 5, 6, 7, 8, 9]
x: [1] in [0, 1, 2, 3, 4, 5, 6, 7, 8, 9] => [1]
y: [5] in [0, 1, 2, 3, 4, 5, 6, 7, 8, 9]
[[3, -1], [4, -1], [5, -1], [3, 0], [5, 0], [3, 1], [4, 1], [5, 1]]
x: [0] in [0, 1, 2, 3, 4, 5, 6, 7, 8, 9] => [0]
y: [3] in [0, 1, 2, 3, 4, 5, 6, 7, 8, 9]
x: [0] in [0, 1, 2, 3, 4, 5, 6, 7, 8, 9] => [0]
y: [4] in [0, 1, 2, 3, 4, 5, 6, 7, 8, 9]
x: [0] in [0, 1, 2, 3, 4, 5, 6, 7, 8, 9] => [0]
y: [5] in [0, 1, 2, 3, 4, 5, 6, 7, 8, 9]
x: [1] in [0, 1, 2, 3, 4, 5, 6, 7, 8, 9] => [1]
y: [3] in [0, 1, 2, 3, 4, 5, 6, 7, 8, 9]
x: [1] in [0, 1, 2, 3, 4, 5, 6, 7, 8, 9] => [1]
y: [4] in [0, 1, 2, 3, 4, 5, 6, 7, 8, 9]
x: [1] in [0, 1, 2, 3, 4, 5, 6, 7, 8, 9] => [1]
y: [5] in [0, 1, 2, 3, 4, 5, 6, 7, 8, 9]
x: [2] in [0, 1, 2, 3, 4, 5, 6, 7, 8, 9] => [2]
y: [3] in [0, 1, 2, 3, 4, 5, 6, 7, 8, 9]
x: [2] in [0, 1, 2, 3, 4, 5, 6, 7, 8, 9] => [2]
y: [4] in [0, 1, 2, 3, 4, 5, 6, 7, 8, 9]
x: [2] in [0, 1, 2, 3, 4, 5, 6, 7, 8, 9] => [2]
y: [5] in [0, 1, 2, 3, 4, 5, 6, 7, 8, 9]
[[3, 0], [4, 0], [5, 0], [3, 1], [5, 1], [3, 2], [4, 2], [5, 2]]
x: [1] in [0, 1, 2, 3, 4, 5, 6, 7, 8, 9] => [1]
y: [3] in [0, 1, 2, 3, 4, 5, 6, 7, 8, 9]
x: [1] in [0, 1, 2, 3, 4, 5, 6, 7, 8, 9] => [1]
y: [4] in [0, 1, 2, 3, 4, 5, 6, 7, 8, 9]
x: [1] in [0, 1, 2, 3, 4, 5, 6, 7, 8, 9] => [1]
y: [5] in [0, 1, 2, 3, 4, 5, 6, 7, 8, 9]
x: [2] in [0, 1, 2, 3, 4, 5, 6, 7, 8, 9] => [2]
y: [3] in [0, 1, 2, 3, 4, 5, 6, 7, 8, 9]
x: [2] in [0, 1, 2, 3, 4, 5, 6, 7, 8, 9] => [2]
y: [4] in [0, 1, 2, 3, 4, 5, 6, 7, 8, 9]
x: [2] in [0, 1, 2, 3, 4, 5, 6, 7, 8, 9] => [2]
y: [5] in [0, 1, 2, 3, 4, 5, 6, 7, 8, 9]
x: [3] in [0, 1, 2, 3, 4, 5, 6, 7, 8, 9] => [3]
y: [3] in [0, 1, 2, 3, 4, 5, 6, 7, 8, 9]
x: [3] in [0, 1, 2, 3, 4, 5, 6, 7, 8, 9] => [3]
y: [4] in [0, 1, 2, 3, 4, 5, 6, 7, 8, 9]
x: [3] in [0, 1, 2, 3, 4, 5, 6, 7, 8, 9] => [3]
y: [5] in [0, 1, 2, 3, 4, 5, 6, 7, 8, 9]
[[3, 1], [4, 1], [5, 1], [3, 2], [5, 2], [3, 3], [4, 3], [5, 3]]
x: [2] in [0, 1, 2, 3, 4, 5, 6, 7, 8, 9] => [2]
y: [3] in [0, 1, 2, 3, 4, 5, 6, 7, 8, 9]
x: [2] in [0, 1, 2, 3, 4, 5, 6, 7, 8, 9] => [2]
y: [4] in [0, 1, 2, 3, 4, 5, 6, 7, 8, 9]
x: [2] in [0, 1, 2, 3, 4, 5, 6, 7, 8, 9] => [2]
y: [5] in [0, 1, 2, 3, 4, 5, 6, 7, 8, 9]
x: [3] in [0, 1, 2, 3, 4, 5, 6, 7, 8, 9] => [3]
y: [3] in [0, 1, 2, 3, 4, 5, 6, 7, 8, 9]
x: [3] in [0, 1, 2, 3, 4, 5, 6, 7, 8, 9] => [3]
y: [4] in [0, 1, 2, 3, 4, 5, 6, 7, 8, 9]
x: [3] in [0, 1, 2, 3, 4, 5, 6, 7, 8, 9] => [3]
y: [5] in [0, 1, 2, 3, 4, 5, 6, 7, 8, 9]
x: [4] in [0, 1, 2, 3, 4, 5, 6, 7, 8, 9] => [4]
y: [3] in [0, 1, 2, 3, 4, 5, 6, 7, 8, 9]
x: [4] in [0, 1, 2, 3, 4, 5, 6, 7, 8, 9] => [4]
y: [4] in [0, 1, 2, 3, 4, 5, 6, 7, 8, 9]
x: [4] in [0, 1, 2, 3, 4, 5, 6, 7, 8, 9] => [4]
y: [5] in [0, 1, 2, 3, 4, 5, 6, 7, 8, 9]
[[3, 2], [4, 2], [5, 2], [3, 3], [5, 3], [3, 4], [4, 4], [5, 4]]
x: [3] in [0, 1, 2, 3, 4, 5, 6, 7, 8, 9] => [3]
y: [3] in [0, 1, 2, 3, 4, 5, 6, 7, 8, 9]
x: [3] in [0, 1, 2, 3, 4, 5, 6, 7, 8, 9] => [3]
y: [4] in [0, 1, 2, 3, 4, 5, 6, 7, 8, 9]
x: [3] in [0, 1, 2, 3, 4, 5, 6, 7, 8, 9] => [3]
y: [5] in [0, 1, 2, 3, 4, 5, 6, 7, 8, 9]
x: [4] in [0, 1, 2, 3, 4, 5, 6, 7, 8, 9] => [4]
y: [3] in [0, 1, 2, 3, 4, 5, 6, 7, 8, 9]
x: [4] in [0, 1, 2, 3, 4, 5, 6, 7, 8, 9] => [4]
y: [4] in [0, 1, 2, 3, 4, 5, 6, 7, 8, 9]
x: [4] in [0, 1, 2, 3, 4, 5, 6, 7, 8, 9] => [4]
y: [5] in [0, 1, 2, 3, 4, 5, 6, 7, 8, 9]
x: [5] in [0, 1, 2, 3, 4, 5, 6, 7, 8, 9] => [5]
y: [3] in [0, 1, 2, 3, 4, 5, 6, 7, 8, 9]
x: [5] in [0, 1, 2, 3, 4, 5, 6, 7, 8, 9] => [5]
y: [4] in [0, 1, 2, 3, 4, 5, 6, 7, 8, 9]
x: [5] in [0, 1, 2, 3, 4, 5, 6, 7, 8, 9] => [5]
y: [5] in [0, 1, 2, 3, 4, 5, 6, 7, 8, 9]
[[3, 3], [4, 3], [5, 3], [3, 4], [5, 4], [3, 5], [4, 5], [5, 5]]
x: [4] in [0, 1, 2, 3, 4, 5, 6, 7, 8, 9] => [4]
y: [3] in [0, 1, 2, 3, 4, 5, 6, 7, 8, 9]
x: [4] in [0, 1, 2, 3, 4, 5, 6, 7, 8, 9] => [4]
y: [4] in [0, 1, 2, 3, 4, 5, 6, 7, 8, 9]
x: [4] in [0, 1, 2, 3, 4, 5, 6, 7, 8, 9] => [4]
y: [5] in [0, 1, 2, 3, 4, 5, 6, 7, 8, 9]
x: [5] in [0, 1, 2, 3, 4, 5, 6, 7, 8, 9] => [5]
y: [3] in [0, 1, 2, 3, 4, 5, 6, 7, 8, 9]
x: [5] in [0, 1, 2, 3, 4, 5, 6, 7, 8, 9] => [5]
y: [4] in [0, 1, 2, 3, 4, 5, 6, 7, 8, 9]
x: [5] in [0, 1, 2, 3, 4, 5, 6, 7, 8, 9] => [5]
y: [5] in [0, 1, 2, 3, 4, 5, 6, 7, 8, 9]
x: [6] in [0, 1, 2, 3, 4, 5, 6, 7, 8, 9] => [6]
y: [3] in [0, 1, 2, 3, 4, 5, 6, 7, 8, 9]
x: [6] in [0, 1, 2, 3, 4, 5, 6, 7, 8, 9] => [6]
y: [4] in [0, 1, 2, 3, 4, 5, 6, 7, 8, 9]
x: [6] in [0, 1, 2, 3, 4, 5, 6, 7, 8, 9] => [6]
y: [5] in [0, 1, 2, 3, 4, 5, 6, 7, 8, 9]
[[3, 4], [4, 4], [5, 4], [3, 5], [5, 5], [3, 6], [4, 6], [5, 6]]
x: [5] in [0, 1, 2, 3, 4, 5, 6, 7, 8, 9] => [5]
y: [3] in [0, 1, 2, 3, 4, 5, 6, 7, 8, 9]
x: [5] in [0, 1, 2, 3, 4, 5, 6, 7, 8, 9] => [5]
y: [4] in [0, 1, 2, 3, 4, 5, 6, 7, 8, 9]
x: [5] in [0, 1, 2, 3, 4, 5, 6, 7, 8, 9] => [5]
y: [5] in [0, 1, 2, 3, 4, 5, 6, 7, 8, 9]
x: [6] in [0, 1, 2, 3, 4, 5, 6, 7, 8, 9] => [6]
y: [3] in [0, 1, 2, 3, 4, 5, 6, 7, 8, 9]
x: [6] in [0, 1, 2, 3, 4, 5, 6, 7, 8, 9] => [6]
y: [4] in [0, 1, 2, 3, 4, 5, 6, 7, 8, 9]
x: [6] in [0, 1, 2, 3, 4, 5, 6, 7, 8, 9] => [6]
y: [5] in [0, 1, 2, 3, 4, 5, 6, 7, 8, 9]
x: [7] in [0, 1, 2, 3, 4, 5, 6, 7, 8, 9] => [7]
y: [3] in [0, 1, 2, 3, 4, 5, 6, 7, 8, 9]
x: [7] in [0, 1, 2, 3, 4, 5, 6, 7, 8, 9] => [7]
y: [4] in [0, 1, 2, 3, 4, 5, 6, 7, 8, 9]
x: [7] in [0, 1, 2, 3, 4, 5, 6, 7, 8, 9] => [7]
y: [5] in [0, 1, 2, 3, 4, 5, 6, 7, 8, 9]
[[3, 5], [4, 5], [5, 5], [3, 6], [5, 6], [3, 7], [4, 7], [5, 7]]
x: [6] in [0, 1, 2, 3, 4, 5, 6, 7, 8, 9] => [6]
y: [3] in [0, 1, 2, 3, 4, 5, 6, 7, 8, 9]
x: [6] in [0, 1, 2, 3, 4, 5, 6, 7, 8, 9] => [6]
y: [4] in [0, 1, 2, 3, 4, 5, 6, 7, 8, 9]
x: [6] in [0, 1, 2, 3, 4, 5, 6, 7, 8, 9] => [6]
y: [5] in [0, 1, 2, 3, 4, 5, 6, 7, 8, 9]
x: [7] in [0, 1, 2, 3, 4, 5, 6, 7, 8, 9] => [7]
y: [3] in [0, 1, 2, 3, 4, 5, 6, 7, 8, 9]
x: [7] in [0, 1, 2, 3, 4, 5, 6, 7, 8, 9] => [7]
y: [4] in [0, 1, 2, 3, 4, 5, 6, 7, 8, 9]
x: [7] in [0, 1, 2, 3, 4, 5, 6, 7, 8, 9] => [7]
y: [5] in [0, 1, 2, 3, 4, 5, 6, 7, 8, 9]
x: [8] in [0, 1, 2, 3, 4, 5, 6, 7, 8, 9] => [8]
y: [3] in [0, 1, 2, 3, 4, 5, 6, 7, 8, 9]
x: [8] in [0, 1, 2, 3, 4, 5, 6, 7, 8, 9] => [8]
y: [4] in [0, 1, 2, 3, 4, 5, 6, 7, 8, 9]
x: [8] in [0, 1, 2, 3, 4, 5, 6, 7, 8, 9] => [8]
y: [5] in [0, 1, 2, 3, 4, 5, 6, 7, 8, 9]
[[3, 6], [4, 6], [5, 6], [3, 7], [5, 7], [3, 8], [4, 8], [5, 8]]
x: [7] in [0, 1, 2, 3, 4, 5, 6, 7, 8, 9] => [7]
y: [3] in [0, 1, 2, 3, 4, 5, 6, 7, 8, 9]
x: [7] in [0, 1, 2, 3, 4, 5, 6, 7, 8, 9] => [7]
y: [4] in [0, 1, 2, 3, 4, 5, 6, 7, 8, 9]
x: [7] in [0, 1, 2, 3, 4, 5, 6, 7, 8, 9] => [7]
y: [5] in [0, 1, 2, 3, 4, 5, 6, 7, 8, 9]
x: [8] in [0, 1, 2, 3, 4, 5, 6, 7, 8, 9] => [8]
y: [3] in [0, 1, 2, 3, 4, 5, 6, 7, 8, 9]
x: [8] in [0, 1, 2, 3, 4, 5, 6, 7, 8, 9] => [8]
y: [4] in [0, 1, 2, 3, 4, 5, 6, 7, 8, 9]
x: [8] in [0, 1, 2, 3, 4, 5, 6, 7, 8, 9] => [8]
y: [5] in [0, 1, 2, 3, 4, 5, 6, 7, 8, 9]
x: [9] in [0, 1, 2, 3, 4, 5, 6, 7, 8, 9] => [9]
y: [3] in [0, 1, 2, 3, 4, 5, 6, 7, 8, 9]
x: [9] in [0, 1, 2, 3, 4, 5, 6, 7, 8, 9] => [9]
y: [4] in [0, 1, 2, 3, 4, 5, 6, 7, 8, 9]
x: [9] in [0, 1, 2, 3, 4, 5, 6, 7, 8, 9] => [9]
y: [5] in [0, 1, 2, 3, 4, 5, 6, 7, 8, 9]
[[3, 7], [4, 7], [5, 7], [3, 8], [5, 8], [3, 9], [4, 9], [5, 9]]
x: [8] in [0, 1, 2, 3, 4, 5, 6, 7, 8, 9] => [8]
y: [3] in [0, 1, 2, 3, 4, 5, 6, 7, 8, 9]
x: [8] in [0, 1, 2, 3, 4, 5, 6, 7, 8, 9] => [8]
y: [4] in [0, 1, 2, 3, 4, 5, 6, 7, 8, 9]
x: [8] in [0, 1, 2, 3, 4, 5, 6, 7, 8, 9] => [8]
y: [5] in [0, 1, 2, 3, 4, 5, 6, 7, 8, 9]
x: [9] in [0, 1, 2, 3, 4, 5, 6, 7, 8, 9] => [9]
y: [3] in [0, 1, 2, 3, 4, 5, 6, 7, 8, 9]
x: [9] in [0, 1, 2, 3, 4, 5, 6, 7, 8, 9] => [9]
y: [4] in [0, 1, 2, 3, 4, 5, 6, 7, 8, 9]
x: [9] in [0, 1, 2, 3, 4, 5, 6, 7, 8, 9] => [9]
y: [5] in [0, 1, 2, 3, 4, 5, 6, 7, 8, 9]
x: [10] in [0, 1, 2, 3, 4, 5, 6, 7, 8, 9] => []
y: [3] in [0, 1, 2, 3, 4, 5, 6, 7, 8, 9]
x: [10] in [0, 1, 2, 3, 4, 5, 6, 7, 8, 9] => []
y: [4] in [0, 1, 2, 3, 4, 5, 6, 7, 8, 9]
x: [10] in [0, 1, 2, 3, 4, 5, 6, 7, 8, 9] => []
y: [5] in [0, 1, 2, 3, 4, 5, 6, 7, 8, 9]
[[3, 8], [4, 8], [5, 8], [3, 9], [5, 9], [3, 10], [4, 10], [5, 10]]
nowy
x: [-1] in [0, 1, 2, 3, 4, 5, 6, 7, 8, 9] => []
y: [4] in [0, 1, 2, 3, 4, 5, 6, 7, 8, 9]
x: [-1] in [0, 1, 2, 3, 4, 5, 6, 7, 8, 9] => []
y: [5] in [0, 1, 2, 3, 4, 5, 6, 7, 8, 9]
x: [-1] in [0, 1, 2, 3, 4, 5, 6, 7, 8, 9] => []
y: [6] in [0, 1, 2, 3, 4, 5, 6, 7, 8, 9]
x: [0] in [0, 1, 2, 3, 4, 5, 6, 7, 8, 9] => [0]
y: [4] in [0, 1, 2, 3, 4, 5, 6, 7, 8, 9]
x: [0] in [0, 1, 2, 3, 4, 5, 6, 7, 8, 9] => [0]
y: [5] in [0, 1, 2, 3, 4, 5, 6, 7, 8, 9]
x: [0] in [0, 1, 2, 3, 4, 5, 6, 7, 8, 9] => [0]
y: [6] in [0, 1, 2, 3, 4, 5, 6, 7, 8, 9]
x: [1] in [0, 1, 2, 3, 4, 5, 6, 7, 8, 9] => [1]
y: [4] in [0, 1, 2, 3, 4, 5, 6, 7, 8, 9]
x: [1] in [0, 1, 2, 3, 4, 5, 6, 7, 8, 9] => [1]
y: [5] in [0, 1, 2, 3, 4, 5, 6, 7, 8, 9]
x: [1] in [0, 1, 2, 3, 4, 5, 6, 7, 8, 9] => [1]
y: [6] in [0, 1, 2, 3, 4, 5, 6, 7, 8, 9]
[[4, -1], [5, -1], [6, -1], [4, 0], [6, 0], [4, 1], [5, 1], [6, 1]]
x: [0] in [0, 1, 2, 3, 4, 5, 6, 7, 8, 9] => [0]
y: [4] in [0, 1, 2, 3, 4, 5, 6, 7, 8, 9]
x: [0] in [0, 1, 2, 3, 4, 5, 6, 7, 8, 9] => [0]
y: [5] in [0, 1, 2, 3, 4, 5, 6, 7, 8, 9]
x: [0] in [0, 1, 2, 3, 4, 5, 6, 7, 8, 9] => [0]
y: [6] in [0, 1, 2, 3, 4, 5, 6, 7, 8, 9]
x: [1] in [0, 1, 2, 3, 4, 5, 6, 7, 8, 9] => [1]
y: [4] in [0, 1, 2, 3, 4, 5, 6, 7, 8, 9]
x: [1] in [0, 1, 2, 3, 4, 5, 6, 7, 8, 9] => [1]
y: [5] in [0, 1, 2, 3, 4, 5, 6, 7, 8, 9]
x: [1] in [0, 1, 2, 3, 4, 5, 6, 7, 8, 9] => [1]
y: [6] in [0, 1, 2, 3, 4, 5, 6, 7, 8, 9]
x: [2] in [0, 1, 2, 3, 4, 5, 6, 7, 8, 9] => [2]
y: [4] in [0, 1, 2, 3, 4, 5, 6, 7, 8, 9]
x: [2] in [0, 1, 2, 3, 4, 5, 6, 7, 8, 9] => [2]
y: [5] in [0, 1, 2, 3, 4, 5, 6, 7, 8, 9]
x: [2] in [0, 1, 2, 3, 4, 5, 6, 7, 8, 9] => [2]
y: [6] in [0, 1, 2, 3, 4, 5, 6, 7, 8, 9]
[[4, 0], [5, 0], [6, 0], [4, 1], [6, 1], [4, 2], [5, 2], [6, 2]]
x: [1] in [0, 1, 2, 3, 4, 5, 6, 7, 8, 9] => [1]
y: [4] in [0, 1, 2, 3, 4, 5, 6, 7, 8, 9]
x: [1] in [0, 1, 2, 3, 4, 5, 6, 7, 8, 9] => [1]
y: [5] in [0, 1, 2, 3, 4, 5, 6, 7, 8, 9]
x: [1] in [0, 1, 2, 3, 4, 5, 6, 7, 8, 9] => [1]
y: [6] in [0, 1, 2, 3, 4, 5, 6, 7, 8, 9]
x: [2] in [0, 1, 2, 3, 4, 5, 6, 7, 8, 9] => [2]
y: [4] in [0, 1, 2, 3, 4, 5, 6, 7, 8, 9]
x: [2] in [0, 1, 2, 3, 4, 5, 6, 7, 8, 9] => [2]
y: [5] in [0, 1, 2, 3, 4, 5, 6, 7, 8, 9]
x: [2] in [0, 1, 2, 3, 4, 5, 6, 7, 8, 9] => [2]
y: [6] in [0, 1, 2, 3, 4, 5, 6, 7, 8, 9]
x: [3] in [0, 1, 2, 3, 4, 5, 6, 7, 8, 9] => [3]
y: [4] in [0, 1, 2, 3, 4, 5, 6, 7, 8, 9]
x: [3] in [0, 1, 2, 3, 4, 5, 6, 7, 8, 9] => [3]
y: [5] in [0, 1, 2, 3, 4, 5, 6, 7, 8, 9]
x: [3] in [0, 1, 2, 3, 4, 5, 6, 7, 8, 9] => [3]
y: [6] in [0, 1, 2, 3, 4, 5, 6, 7, 8, 9]
[[4, 1], [5, 1], [6, 1], [4, 2], [6, 2], [4, 3], [5, 3], [6, 3]]
x: [2] in [0, 1, 2, 3, 4, 5, 6, 7, 8, 9] => [2]
y: [4] in [0, 1, 2, 3, 4, 5, 6, 7, 8, 9]
x: [2] in [0, 1, 2, 3, 4, 5, 6, 7, 8, 9] => [2]
y: [5] in [0, 1, 2, 3, 4, 5, 6, 7, 8, 9]
x: [2] in [0, 1, 2, 3, 4, 5, 6, 7, 8, 9] => [2]
y: [6] in [0, 1, 2, 3, 4, 5, 6, 7, 8, 9]
x: [3] in [0, 1, 2, 3, 4, 5, 6, 7, 8, 9] => [3]
y: [4] in [0, 1, 2, 3, 4, 5, 6, 7, 8, 9]
x: [3] in [0, 1, 2, 3, 4, 5, 6, 7, 8, 9] => [3]
y: [5] in [0, 1, 2, 3, 4, 5, 6, 7, 8, 9]
x: [3] in [0, 1, 2, 3, 4, 5, 6, 7, 8, 9] => [3]
y: [6] in [0, 1, 2, 3, 4, 5, 6, 7, 8, 9]
x: [4] in [0, 1, 2, 3, 4, 5, 6, 7, 8, 9] => [4]
y: [4] in [0, 1, 2, 3, 4, 5, 6, 7, 8, 9]
x: [4] in [0, 1, 2, 3, 4, 5, 6, 7, 8, 9] => [4]
y: [5] in [0, 1, 2, 3, 4, 5, 6, 7, 8, 9]
x: [4] in [0, 1, 2, 3, 4, 5, 6, 7, 8, 9] => [4]
y: [6] in [0, 1, 2, 3, 4, 5, 6, 7, 8, 9]
[[4, 2], [5, 2], [6, 2], [4, 3], [6, 3], [4, 4], [5, 4], [6, 4]]
x: [3] in [0, 1, 2, 3, 4, 5, 6, 7, 8, 9] => [3]
y: [4] in [0, 1, 2, 3, 4, 5, 6, 7, 8, 9]
x: [3] in [0, 1, 2, 3, 4, 5, 6, 7, 8, 9] => [3]
y: [5] in [0, 1, 2, 3, 4, 5, 6, 7, 8, 9]
x: [3] in [0, 1, 2, 3, 4, 5, 6, 7, 8, 9] => [3]
y: [6] in [0, 1, 2, 3, 4, 5, 6, 7, 8, 9]
x: [4] in [0, 1, 2, 3, 4, 5, 6, 7, 8, 9] => [4]
y: [4] in [0, 1, 2, 3, 4, 5, 6, 7, 8, 9]
x: [4] in [0, 1, 2, 3, 4, 5, 6, 7, 8, 9] => [4]
y: [5] in [0, 1, 2, 3, 4, 5, 6, 7, 8, 9]
x: [4] in [0, 1, 2, 3, 4, 5, 6, 7, 8, 9] => [4]
y: [6] in [0, 1, 2, 3, 4, 5, 6, 7, 8, 9]
x: [5] in [0, 1, 2, 3, 4, 5, 6, 7, 8, 9] => [5]
y: [4] in [0, 1, 2, 3, 4, 5, 6, 7, 8, 9]
x: [5] in [0, 1, 2, 3, 4, 5, 6, 7, 8, 9] => [5]
y: [5] in [0, 1, 2, 3, 4, 5, 6, 7, 8, 9]
x: [5] in [0, 1, 2, 3, 4, 5, 6, 7, 8, 9] => [5]
y: [6] in [0, 1, 2, 3, 4, 5, 6, 7, 8, 9]
[[4, 3], [5, 3], [6, 3], [4, 4], [6, 4], [4, 5], [5, 5], [6, 5]]
x: [4] in [0, 1, 2, 3, 4, 5, 6, 7, 8, 9] => [4]
y: [4] in [0, 1, 2, 3, 4, 5, 6, 7, 8, 9]
x: [4] in [0, 1, 2, 3, 4, 5, 6, 7, 8, 9] => [4]
y: [5] in [0, 1, 2, 3, 4, 5, 6, 7, 8, 9]
x: [4] in [0, 1, 2, 3, 4, 5, 6, 7, 8, 9] => [4]
y: [6] in [0, 1, 2, 3, 4, 5, 6, 7, 8, 9]
x: [5] in [0, 1, 2, 3, 4, 5, 6, 7, 8, 9] => [5]
y: [4] in [0, 1, 2, 3, 4, 5, 6, 7, 8, 9]
x: [5] in [0, 1, 2, 3, 4, 5, 6, 7, 8, 9] => [5]
y: [5] in [0, 1, 2, 3, 4, 5, 6, 7, 8, 9]
x: [5] in [0, 1, 2, 3, 4, 5, 6, 7, 8, 9] => [5]
y: [6] in [0, 1, 2, 3, 4, 5, 6, 7, 8, 9]
x: [6] in [0, 1, 2, 3, 4, 5, 6, 7, 8, 9] => [6]
y: [4] in [0, 1, 2, 3, 4, 5, 6, 7, 8, 9]
x: [6] in [0, 1, 2, 3, 4, 5, 6, 7, 8, 9] => [6]
y: [5] in [0, 1, 2, 3, 4, 5, 6, 7, 8, 9]
x: [6] in [0, 1, 2, 3, 4, 5, 6, 7, 8, 9] => [6]
y: [6] in [0, 1, 2, 3, 4, 5, 6, 7, 8, 9]
[[4, 4], [5, 4], [6, 4], [4, 5], [6, 5], [4, 6], [5, 6], [6, 6]]
x: [5] in [0, 1, 2, 3, 4, 5, 6, 7, 8, 9] => [5]
y: [4] in [0, 1, 2, 3, 4, 5, 6, 7, 8, 9]
x: [5] in [0, 1, 2, 3, 4, 5, 6, 7, 8, 9] => [5]
y: [5] in [0, 1, 2, 3, 4, 5, 6, 7, 8, 9]
x: [5] in [0, 1, 2, 3, 4, 5, 6, 7, 8, 9] => [5]
y: [6] in [0, 1, 2, 3, 4, 5, 6, 7, 8, 9]
x: [6] in [0, 1, 2, 3, 4, 5, 6, 7, 8, 9] => [6]
y: [4] in [0, 1, 2, 3, 4, 5, 6, 7, 8, 9]
x: [6] in [0, 1, 2, 3, 4, 5, 6, 7, 8, 9] => [6]
y: [5] in [0, 1, 2, 3, 4, 5, 6, 7, 8, 9]
x: [6] in [0, 1, 2, 3, 4, 5, 6, 7, 8, 9] => [6]
y: [6] in [0, 1, 2, 3, 4, 5, 6, 7, 8, 9]
x: [7] in [0, 1, 2, 3, 4, 5, 6, 7, 8, 9] => [7]
y: [4] in [0, 1, 2, 3, 4, 5, 6, 7, 8, 9]
x: [7] in [0, 1, 2, 3, 4, 5, 6, 7, 8, 9] => [7]
y: [5] in [0, 1, 2, 3, 4, 5, 6, 7, 8, 9]
x: [7] in [0, 1, 2, 3, 4, 5, 6, 7, 8, 9] => [7]
y: [6] in [0, 1, 2, 3, 4, 5, 6, 7, 8, 9]
[[4, 5], [5, 5], [6, 5], [4, 6], [6, 6], [4, 7], [5, 7], [6, 7]]
x: [6] in [0, 1, 2, 3, 4, 5, 6, 7, 8, 9] => [6]
y: [4] in [0, 1, 2, 3, 4, 5, 6, 7, 8, 9]
x: [6] in [0, 1, 2, 3, 4, 5, 6, 7, 8, 9] => [6]
y: [5] in [0, 1, 2, 3, 4, 5, 6, 7, 8, 9]
x: [6] in [0, 1, 2, 3, 4, 5, 6, 7, 8, 9] => [6]
y: [6] in [0, 1, 2, 3, 4, 5, 6, 7, 8, 9]
x: [7] in [0, 1, 2, 3, 4, 5, 6, 7, 8, 9] => [7]
y: [4] in [0, 1, 2, 3, 4, 5, 6, 7, 8, 9]
x: [7] in [0, 1, 2, 3, 4, 5, 6, 7, 8, 9] => [7]
y: [5] in [0, 1, 2, 3, 4, 5, 6, 7, 8, 9]
x: [7] in [0, 1, 2, 3, 4, 5, 6, 7, 8, 9] => [7]
y: [6] in [0, 1, 2, 3, 4, 5, 6, 7, 8, 9]
x: [8] in [0, 1, 2, 3, 4, 5, 6, 7, 8, 9] => [8]
y: [4] in [0, 1, 2, 3, 4, 5, 6, 7, 8, 9]
x: [8] in [0, 1, 2, 3, 4, 5, 6, 7, 8, 9] => [8]
y: [5] in [0, 1, 2, 3, 4, 5, 6, 7, 8, 9]
x: [8] in [0, 1, 2, 3, 4, 5, 6, 7, 8, 9] => [8]
y: [6] in [0, 1, 2, 3, 4, 5, 6, 7, 8, 9]
[[4, 6], [5, 6], [6, 6], [4, 7], [6, 7], [4, 8], [5, 8], [6, 8]]
x: [7] in [0, 1, 2, 3, 4, 5, 6, 7, 8, 9] => [7]
y: [4] in [0, 1, 2, 3, 4, 5, 6, 7, 8, 9]
x: [7] in [0, 1, 2, 3, 4, 5, 6, 7, 8, 9] => [7]
y: [5] in [0, 1, 2, 3, 4, 5, 6, 7, 8, 9]
x: [7] in [0, 1, 2, 3, 4, 5, 6, 7, 8, 9] => [7]
y: [6] in [0, 1, 2, 3, 4, 5, 6, 7, 8, 9]
x: [8] in [0, 1, 2, 3, 4, 5, 6, 7, 8, 9] => [8]
y: [4] in [0, 1, 2, 3, 4, 5, 6, 7, 8, 9]
x: [8] in [0, 1, 2, 3, 4, 5, 6, 7, 8, 9] => [8]
y: [5] in [0, 1, 2, 3, 4, 5, 6, 7, 8, 9]
x: [8] in [0, 1, 2, 3, 4, 5, 6, 7, 8, 9] => [8]
y: [6] in [0, 1, 2, 3, 4, 5, 6, 7, 8, 9]
x: [9] in [0, 1, 2, 3, 4, 5, 6, 7, 8, 9] => [9]
y: [4] in [0, 1, 2, 3, 4, 5, 6, 7, 8, 9]
x: [9] in [0, 1, 2, 3, 4, 5, 6, 7, 8, 9] => [9]
y: [5] in [0, 1, 2, 3, 4, 5, 6, 7, 8, 9]
x: [9] in [0, 1, 2, 3, 4, 5, 6, 7, 8, 9] => [9]
y: [6] in [0, 1, 2, 3, 4, 5, 6, 7, 8, 9]
[[4, 7], [5, 7], [6, 7], [4, 8], [6, 8], [4, 9], [5, 9], [6, 9]]
x: [8] in [0, 1, 2, 3, 4, 5, 6, 7, 8, 9] => [8]
y: [4] in [0, 1, 2, 3, 4, 5, 6, 7, 8, 9]
x: [8] in [0, 1, 2, 3, 4, 5, 6, 7, 8, 9] => [8]
y: [5] in [0, 1, 2, 3, 4, 5, 6, 7, 8, 9]
x: [8] in [0, 1, 2, 3, 4, 5, 6, 7, 8, 9] => [8]
y: [6] in [0, 1, 2, 3, 4, 5, 6, 7, 8, 9]
x: [9] in [0, 1, 2, 3, 4, 5, 6, 7, 8, 9] => [9]
y: [4] in [0, 1, 2, 3, 4, 5, 6, 7, 8, 9]
x: [9] in [0, 1, 2, 3, 4, 5, 6, 7, 8, 9] => [9]
y: [5] in [0, 1, 2, 3, 4, 5, 6, 7, 8, 9]
x: [9] in [0, 1, 2, 3, 4, 5, 6, 7, 8, 9] => [9]
y: [6] in [0, 1, 2, 3, 4, 5, 6, 7, 8, 9]
x: [10] in [0, 1, 2, 3, 4, 5, 6, 7, 8, 9] => []
y: [4] in [0, 1, 2, 3, 4, 5, 6, 7, 8, 9]
x: [10] in [0, 1, 2, 3, 4, 5, 6, 7, 8, 9] => []
y: [5] in [0, 1, 2, 3, 4, 5, 6, 7, 8, 9]
x: [10] in [0, 1, 2, 3, 4, 5, 6, 7, 8, 9] => []
y: [6] in [0, 1, 2, 3, 4, 5, 6, 7, 8, 9]
[[4, 8], [5, 8], [6, 8], [4, 9], [6, 9], [4, 10], [5, 10], [6, 10]]
nowy
x: [-1] in [0, 1, 2, 3, 4, 5, 6, 7, 8, 9] => []
y: [5] in [0, 1, 2, 3, 4, 5, 6, 7, 8, 9]
x: [-1] in [0, 1, 2, 3, 4, 5, 6, 7, 8, 9] => []
y: [6] in [0, 1, 2, 3, 4, 5, 6, 7, 8, 9]
x: [-1] in [0, 1, 2, 3, 4, 5, 6, 7, 8, 9] => []
y: [7] in [0, 1, 2, 3, 4, 5, 6, 7, 8, 9]
x: [0] in [0, 1, 2, 3, 4, 5, 6, 7, 8, 9] => [0]
y: [5] in [0, 1, 2, 3, 4, 5, 6, 7, 8, 9]
x: [0] in [0, 1, 2, 3, 4, 5, 6, 7, 8, 9] => [0]
y: [6] in [0, 1, 2, 3, 4, 5, 6, 7, 8, 9]
x: [0] in [0, 1, 2, 3, 4, 5, 6, 7, 8, 9] => [0]
y: [7] in [0, 1, 2, 3, 4, 5, 6, 7, 8, 9]
x: [1] in [0, 1, 2, 3, 4, 5, 6, 7, 8, 9] => [1]
y: [5] in [0, 1, 2, 3, 4, 5, 6, 7, 8, 9]
x: [1] in [0, 1, 2, 3, 4, 5, 6, 7, 8, 9] => [1]
y: [6] in [0, 1, 2, 3, 4, 5, 6, 7, 8, 9]
x: [1] in [0, 1, 2, 3, 4, 5, 6, 7, 8, 9] => [1]
y: [7] in [0, 1, 2, 3, 4, 5, 6, 7, 8, 9]
[[5, -1], [6, -1], [7, -1], [5, 0], [7, 0], [5, 1], [6, 1], [7, 1]]
x: [0] in [0, 1, 2, 3, 4, 5, 6, 7, 8, 9] => [0]
y: [5] in [0, 1, 2, 3, 4, 5, 6, 7, 8, 9]
x: [0] in [0, 1, 2, 3, 4, 5, 6, 7, 8, 9] => [0]
y: [6] in [0, 1, 2, 3, 4, 5, 6, 7, 8, 9]
x: [0] in [0, 1, 2, 3, 4, 5, 6, 7, 8, 9] => [0]
y: [7] in [0, 1, 2, 3, 4, 5, 6, 7, 8, 9]
x: [1] in [0, 1, 2, 3, 4, 5, 6, 7, 8, 9] => [1]
y: [5] in [0, 1, 2, 3, 4, 5, 6, 7, 8, 9]
x: [1] in [0, 1, 2, 3, 4, 5, 6, 7, 8, 9] => [1]
y: [6] in [0, 1, 2, 3, 4, 5, 6, 7, 8, 9]
x: [1] in [0, 1, 2, 3, 4, 5, 6, 7, 8, 9] => [1]
y: [7] in [0, 1, 2, 3, 4, 5, 6, 7, 8, 9]
x: [2] in [0, 1, 2, 3, 4, 5, 6, 7, 8, 9] => [2]
y: [5] in [0, 1, 2, 3, 4, 5, 6, 7, 8, 9]
x: [2] in [0, 1, 2, 3, 4, 5, 6, 7, 8, 9] => [2]
y: [6] in [0, 1, 2, 3, 4, 5, 6, 7, 8, 9]
x: [2] in [0, 1, 2, 3, 4, 5, 6, 7, 8, 9] => [2]
y: [7] in [0, 1, 2, 3, 4, 5, 6, 7, 8, 9]
[[5, 0], [6, 0], [7, 0], [5, 1], [7, 1], [5, 2], [6, 2], [7, 2]]
x: [1] in [0, 1, 2, 3, 4, 5, 6, 7, 8, 9] => [1]
y: [5] in [0, 1, 2, 3, 4, 5, 6, 7, 8, 9]
x: [1] in [0, 1, 2, 3, 4, 5, 6, 7, 8, 9] => [1]
y: [6] in [0, 1, 2, 3, 4, 5, 6, 7, 8, 9]
x: [1] in [0, 1, 2, 3, 4, 5, 6, 7, 8, 9] => [1]
y: [7] in [0, 1, 2, 3, 4, 5, 6, 7, 8, 9]
x: [2] in [0, 1, 2, 3, 4, 5, 6, 7, 8, 9] => [2]
y: [5] in [0, 1, 2, 3, 4, 5, 6, 7, 8, 9]
x: [2] in [0, 1, 2, 3, 4, 5, 6, 7, 8, 9] => [2]
y: [6] in [0, 1, 2, 3, 4, 5, 6, 7, 8, 9]
x: [2] in [0, 1, 2, 3, 4, 5, 6, 7, 8, 9] => [2]
y: [7] in [0, 1, 2, 3, 4, 5, 6, 7, 8, 9]
x: [3] in [0, 1, 2, 3, 4, 5, 6, 7, 8, 9] => [3]
y: [5] in [0, 1, 2, 3, 4, 5, 6, 7, 8, 9]
x: [3] in [0, 1, 2, 3, 4, 5, 6, 7, 8, 9] => [3]
y: [6] in [0, 1, 2, 3, 4, 5, 6, 7, 8, 9]
x: [3] in [0, 1, 2, 3, 4, 5, 6, 7, 8, 9] => [3]
y: [7] in [0, 1, 2, 3, 4, 5, 6, 7, 8, 9]
[[5, 1], [6, 1], [7, 1], [5, 2], [7, 2], [5, 3], [6, 3], [7, 3]]
x: [2] in [0, 1, 2, 3, 4, 5, 6, 7, 8, 9] => [2]
y: [5] in [0, 1, 2, 3, 4, 5, 6, 7, 8, 9]
x: [2] in [0, 1, 2, 3, 4, 5, 6, 7, 8, 9] => [2]
y: [6] in [0, 1, 2, 3, 4, 5, 6, 7, 8, 9]
x: [2] in [0, 1, 2, 3, 4, 5, 6, 7, 8, 9] => [2]
y: [7] in [0, 1, 2, 3, 4, 5, 6, 7, 8, 9]
x: [3] in [0, 1, 2, 3, 4, 5, 6, 7, 8, 9] => [3]
y: [5] in [0, 1, 2, 3, 4, 5, 6, 7, 8, 9]
x: [3] in [0, 1, 2, 3, 4, 5, 6, 7, 8, 9] => [3]
y: [6] in [0, 1, 2, 3, 4, 5, 6, 7, 8, 9]
x: [3] in [0, 1, 2, 3, 4, 5, 6, 7, 8, 9] => [3]
y: [7] in [0, 1, 2, 3, 4, 5, 6, 7, 8, 9]
x: [4] in [0, 1, 2, 3, 4, 5, 6, 7, 8, 9] => [4]
y: [5] in [0, 1, 2, 3, 4, 5, 6, 7, 8, 9]
x: [4] in [0, 1, 2, 3, 4, 5, 6, 7, 8, 9] => [4]
y: [6] in [0, 1, 2, 3, 4, 5, 6, 7, 8, 9]
x: [4] in [0, 1, 2, 3, 4, 5, 6, 7, 8, 9] => [4]
y: [7] in [0, 1, 2, 3, 4, 5, 6, 7, 8, 9]
[[5, 2], [6, 2], [7, 2], [5, 3], [7, 3], [5, 4], [6, 4], [7, 4]]
x: [3] in [0, 1, 2, 3, 4, 5, 6, 7, 8, 9] => [3]
y: [5] in [0, 1, 2, 3, 4, 5, 6, 7, 8, 9]
x: [3] in [0, 1, 2, 3, 4, 5, 6, 7, 8, 9] => [3]
y: [6] in [0, 1, 2, 3, 4, 5, 6, 7, 8, 9]
x: [3] in [0, 1, 2, 3, 4, 5, 6, 7, 8, 9] => [3]
y: [7] in [0, 1, 2, 3, 4, 5, 6, 7, 8, 9]
x: [4] in [0, 1, 2, 3, 4, 5, 6, 7, 8, 9] => [4]
y: [5] in [0, 1, 2, 3, 4, 5, 6, 7, 8, 9]
x: [4] in [0, 1, 2, 3, 4, 5, 6, 7, 8, 9] => [4]
y: [6] in [0, 1, 2, 3, 4, 5, 6, 7, 8, 9]
x: [4] in [0, 1, 2, 3, 4, 5, 6, 7, 8, 9] => [4]
y: [7] in [0, 1, 2, 3, 4, 5, 6, 7, 8, 9]
x: [5] in [0, 1, 2, 3, 4, 5, 6, 7, 8, 9] => [5]
y: [5] in [0, 1, 2, 3, 4, 5, 6, 7, 8, 9]
x: [5] in [0, 1, 2, 3, 4, 5, 6, 7, 8, 9] => [5]
y: [6] in [0, 1, 2, 3, 4, 5, 6, 7, 8, 9]
x: [5] in [0, 1, 2, 3, 4, 5, 6, 7, 8, 9] => [5]
y: [7] in [0, 1, 2, 3, 4, 5, 6, 7, 8, 9]
[[5, 3], [6, 3], [7, 3], [5, 4], [7, 4], [5, 5], [6, 5], [7, 5]]
x: [4] in [0, 1, 2, 3, 4, 5, 6, 7, 8, 9] => [4]
y: [5] in [0, 1, 2, 3, 4, 5, 6, 7, 8, 9]
x: [4] in [0, 1, 2, 3, 4, 5, 6, 7, 8, 9] => [4]
y: [6] in [0, 1, 2, 3, 4, 5, 6, 7, 8, 9]
x: [4] in [0, 1, 2, 3, 4, 5, 6, 7, 8, 9] => [4]
y: [7] in [0, 1, 2, 3, 4, 5, 6, 7, 8, 9]
x: [5] in [0, 1, 2, 3, 4, 5, 6, 7, 8, 9] => [5]
y: [5] in [0, 1, 2, 3, 4, 5, 6, 7, 8, 9]
x: [5] in [0, 1, 2, 3, 4, 5, 6, 7, 8, 9] => [5]
y: [6] in [0, 1, 2, 3, 4, 5, 6, 7, 8, 9]
x: [5] in [0, 1, 2, 3, 4, 5, 6, 7, 8, 9] => [5]
y: [7] in [0, 1, 2, 3, 4, 5, 6, 7, 8, 9]
x: [6] in [0, 1, 2, 3, 4, 5, 6, 7, 8, 9] => [6]
y: [5] in [0, 1, 2, 3, 4, 5, 6, 7, 8, 9]
x: [6] in [0, 1, 2, 3, 4, 5, 6, 7, 8, 9] => [6]
y: [6] in [0, 1, 2, 3, 4, 5, 6, 7, 8, 9]
x: [6] in [0, 1, 2, 3, 4, 5, 6, 7, 8, 9] => [6]
y: [7] in [0, 1, 2, 3, 4, 5, 6, 7, 8, 9]
[[5, 4], [6, 4], [7, 4], [5, 5], [7, 5], [5, 6], [6, 6], [7, 6]]
x: [5] in [0, 1, 2, 3, 4, 5, 6, 7, 8, 9] => [5]
y: [5] in [0, 1, 2, 3, 4, 5, 6, 7, 8, 9]
x: [5] in [0, 1, 2, 3, 4, 5, 6, 7, 8, 9] => [5]
y: [6] in [0, 1, 2, 3, 4, 5, 6, 7, 8, 9]
x: [5] in [0, 1, 2, 3, 4, 5, 6, 7, 8, 9] => [5]
y: [7] in [0, 1, 2, 3, 4, 5, 6, 7, 8, 9]
x: [6] in [0, 1, 2, 3, 4, 5, 6, 7, 8, 9] => [6]
y: [5] in [0, 1, 2, 3, 4, 5, 6, 7, 8, 9]
x: [6] in [0, 1, 2, 3, 4, 5, 6, 7, 8, 9] => [6]
y: [6] in [0, 1, 2, 3, 4, 5, 6, 7, 8, 9]
x: [6] in [0, 1, 2, 3, 4, 5, 6, 7, 8, 9] => [6]
y: [7] in [0, 1, 2, 3, 4, 5, 6, 7, 8, 9]
x: [7] in [0, 1, 2, 3, 4, 5, 6, 7, 8, 9] => [7]
y: [5] in [0, 1, 2, 3, 4, 5, 6, 7, 8, 9]
x: [7] in [0, 1, 2, 3, 4, 5, 6, 7, 8, 9] => [7]
y: [6] in [0, 1, 2, 3, 4, 5, 6, 7, 8, 9]
x: [7] in [0, 1, 2, 3, 4, 5, 6, 7, 8, 9] => [7]
y: [7] in [0, 1, 2, 3, 4, 5, 6, 7, 8, 9]
[[5, 5], [6, 5], [7, 5], [5, 6], [7, 6], [5, 7], [6, 7], [7, 7]]
x: [6] in [0, 1, 2, 3, 4, 5, 6, 7, 8, 9] => [6]
y: [5] in [0, 1, 2, 3, 4, 5, 6, 7, 8, 9]
x: [6] in [0, 1, 2, 3, 4, 5, 6, 7, 8, 9] => [6]
y: [6] in [0, 1, 2, 3, 4, 5, 6, 7, 8, 9]
x: [6] in [0, 1, 2, 3, 4, 5, 6, 7, 8, 9] => [6]
y: [7] in [0, 1, 2, 3, 4, 5, 6, 7, 8, 9]
x: [7] in [0, 1, 2, 3, 4, 5, 6, 7, 8, 9] => [7]
y: [5] in [0, 1, 2, 3, 4, 5, 6, 7, 8, 9]
x: [7] in [0, 1, 2, 3, 4, 5, 6, 7, 8, 9] => [7]
y: [6] in [0, 1, 2, 3, 4, 5, 6, 7, 8, 9]
x: [7] in [0, 1, 2, 3, 4, 5, 6, 7, 8, 9] => [7]
y: [7] in [0, 1, 2, 3, 4, 5, 6, 7, 8, 9]
x: [8] in [0, 1, 2, 3, 4, 5, 6, 7, 8, 9] => [8]
y: [5] in [0, 1, 2, 3, 4, 5, 6, 7, 8, 9]
x: [8] in [0, 1, 2, 3, 4, 5, 6, 7, 8, 9] => [8]
y: [6] in [0, 1, 2, 3, 4, 5, 6, 7, 8, 9]
x: [8] in [0, 1, 2, 3, 4, 5, 6, 7, 8, 9] => [8]
y: [7] in [0, 1, 2, 3, 4, 5, 6, 7, 8, 9]
[[5, 6], [6, 6], [7, 6], [5, 7], [7, 7], [5, 8], [6, 8], [7, 8]]
x: [7] in [0, 1, 2, 3, 4, 5, 6, 7, 8, 9] => [7]
y: [5] in [0, 1, 2, 3, 4, 5, 6, 7, 8, 9]
x: [7] in [0, 1, 2, 3, 4, 5, 6, 7, 8, 9] => [7]
y: [6] in [0, 1, 2, 3, 4, 5, 6, 7, 8, 9]
x: [7] in [0, 1, 2, 3, 4, 5, 6, 7, 8, 9] => [7]
y: [7] in [0, 1, 2, 3, 4, 5, 6, 7, 8, 9]
x: [8] in [0, 1, 2, 3, 4, 5, 6, 7, 8, 9] => [8]
y: [5] in [0, 1, 2, 3, 4, 5, 6, 7, 8, 9]
x: [8] in [0, 1, 2, 3, 4, 5, 6, 7, 8, 9] => [8]
y: [6] in [0, 1, 2, 3, 4, 5, 6, 7, 8, 9]
x: [8] in [0, 1, 2, 3, 4, 5, 6, 7, 8, 9] => [8]
y: [7] in [0, 1, 2, 3, 4, 5, 6, 7, 8, 9]
x: [9] in [0, 1, 2, 3, 4, 5, 6, 7, 8, 9] => [9]
y: [5] in [0, 1, 2, 3, 4, 5, 6, 7, 8, 9]
x: [9] in [0, 1, 2, 3, 4, 5, 6, 7, 8, 9] => [9]
y: [6] in [0, 1, 2, 3, 4, 5, 6, 7, 8, 9]
x: [9] in [0, 1, 2, 3, 4, 5, 6, 7, 8, 9] => [9]
y: [7] in [0, 1, 2, 3, 4, 5, 6, 7, 8, 9]
[[5, 7], [6, 7], [7, 7], [5, 8], [7, 8], [5, 9], [6, 9], [7, 9]]
x: [8] in [0, 1, 2, 3, 4, 5, 6, 7, 8, 9] => [8]
y: [5] in [0, 1, 2, 3, 4, 5, 6, 7, 8, 9]
x: [8] in [0, 1, 2, 3, 4, 5, 6, 7, 8, 9] => [8]
y: [6] in [0, 1, 2, 3, 4, 5, 6, 7, 8, 9]
x: [8] in [0, 1, 2, 3, 4, 5, 6, 7, 8, 9] => [8]
y: [7] in [0, 1, 2, 3, 4, 5, 6, 7, 8, 9]
x: [9] in [0, 1, 2, 3, 4, 5, 6, 7, 8, 9] => [9]
y: [5] in [0, 1, 2, 3, 4, 5, 6, 7, 8, 9]
x: [9] in [0, 1, 2, 3, 4, 5, 6, 7, 8, 9] => [9]
y: [6] in [0, 1, 2, 3, 4, 5, 6, 7, 8, 9]
x: [9] in [0, 1, 2, 3, 4, 5, 6, 7, 8, 9] => [9]
y: [7] in [0, 1, 2, 3, 4, 5, 6, 7, 8, 9]
x: [10] in [0, 1, 2, 3, 4, 5, 6, 7, 8, 9] => []
y: [5] in [0, 1, 2, 3, 4, 5, 6, 7, 8, 9]
x: [10] in [0, 1, 2, 3, 4, 5, 6, 7, 8, 9] => []
y: [6] in [0, 1, 2, 3, 4, 5, 6, 7, 8, 9]
x: [10] in [0, 1, 2, 3, 4, 5, 6, 7, 8, 9] => []
y: [7] in [0, 1, 2, 3, 4, 5, 6, 7, 8, 9]
[[5, 8], [6, 8], [7, 8], [5, 9], [7, 9], [5, 10], [6, 10], [7, 10]]
nowy
x: [-1] in [0, 1, 2, 3, 4, 5, 6, 7, 8, 9] => []
y: [6] in [0, 1, 2, 3, 4, 5, 6, 7, 8, 9]
x: [-1] in [0, 1, 2, 3, 4, 5, 6, 7, 8, 9] => []
y: [7] in [0, 1, 2, 3, 4, 5, 6, 7, 8, 9]
x: [-1] in [0, 1, 2, 3, 4, 5, 6, 7, 8, 9] => []
y: [8] in [0, 1, 2, 3, 4, 5, 6, 7, 8, 9]
x: [0] in [0, 1, 2, 3, 4, 5, 6, 7, 8, 9] => [0]
y: [6] in [0, 1, 2, 3, 4, 5, 6, 7, 8, 9]
x: [0] in [0, 1, 2, 3, 4, 5, 6, 7, 8, 9] => [0]
y: [7] in [0, 1, 2, 3, 4, 5, 6, 7, 8, 9]
x: [0] in [0, 1, 2, 3, 4, 5, 6, 7, 8, 9] => [0]
y: [8] in [0, 1, 2, 3, 4, 5, 6, 7, 8, 9]
x: [1] in [0, 1, 2, 3, 4, 5, 6, 7, 8, 9] => [1]
y: [6] in [0, 1, 2, 3, 4, 5, 6, 7, 8, 9]
x: [1] in [0, 1, 2, 3, 4, 5, 6, 7, 8, 9] => [1]
y: [7] in [0, 1, 2, 3, 4, 5, 6, 7, 8, 9]
x: [1] in [0, 1, 2, 3, 4, 5, 6, 7, 8, 9] => [1]
y: [8] in [0, 1, 2, 3, 4, 5, 6, 7, 8, 9]
[[6, -1], [7, -1], [8, -1], [6, 0], [8, 0], [6, 1], [7, 1], [8, 1]]
x: [0] in [0, 1, 2, 3, 4, 5, 6, 7, 8, 9] => [0]
y: [6] in [0, 1, 2, 3, 4, 5, 6, 7, 8, 9]
x: [0] in [0, 1, 2, 3, 4, 5, 6, 7, 8, 9] => [0]
y: [7] in [0, 1, 2, 3, 4, 5, 6, 7, 8, 9]
x: [0] in [0, 1, 2, 3, 4, 5, 6, 7, 8, 9] => [0]
y: [8] in [0, 1, 2, 3, 4, 5, 6, 7, 8, 9]
x: [1] in [0, 1, 2, 3, 4, 5, 6, 7, 8, 9] => [1]
y: [6] in [0, 1, 2, 3, 4, 5, 6, 7, 8, 9]
x: [1] in [0, 1, 2, 3, 4, 5, 6, 7, 8, 9] => [1]
y: [7] in [0, 1, 2, 3, 4, 5, 6, 7, 8, 9]
x: [1] in [0, 1, 2, 3, 4, 5, 6, 7, 8, 9] => [1]
y: [8] in [0, 1, 2, 3, 4, 5, 6, 7, 8, 9]
x: [2] in [0, 1, 2, 3, 4, 5, 6, 7, 8, 9] => [2]
y: [6] in [0, 1, 2, 3, 4, 5, 6, 7, 8, 9]
x: [2] in [0, 1, 2, 3, 4, 5, 6, 7, 8, 9] => [2]
y: [7] in [0, 1, 2, 3, 4, 5, 6, 7, 8, 9]
x: [2] in [0, 1, 2, 3, 4, 5, 6, 7, 8, 9] => [2]
y: [8] in [0, 1, 2, 3, 4, 5, 6, 7, 8, 9]
[[6, 0], [7, 0], [8, 0], [6, 1], [8, 1], [6, 2], [7, 2], [8, 2]]
x: [1] in [0, 1, 2, 3, 4, 5, 6, 7, 8, 9] => [1]
y: [6] in [0, 1, 2, 3, 4, 5, 6, 7, 8, 9]
x: [1] in [0, 1, 2, 3, 4, 5, 6, 7, 8, 9] => [1]
y: [7] in [0, 1, 2, 3, 4, 5, 6, 7, 8, 9]
x: [1] in [0, 1, 2, 3, 4, 5, 6, 7, 8, 9] => [1]
y: [8] in [0, 1, 2, 3, 4, 5, 6, 7, 8, 9]
x: [2] in [0, 1, 2, 3, 4, 5, 6, 7, 8, 9] => [2]
y: [6] in [0, 1, 2, 3, 4, 5, 6, 7, 8, 9]
x: [2] in [0, 1, 2, 3, 4, 5, 6, 7, 8, 9] => [2]
y: [7] in [0, 1, 2, 3, 4, 5, 6, 7, 8, 9]
x: [2] in [0, 1, 2, 3, 4, 5, 6, 7, 8, 9] => [2]
y: [8] in [0, 1, 2, 3, 4, 5, 6, 7, 8, 9]
x: [3] in [0, 1, 2, 3, 4, 5, 6, 7, 8, 9] => [3]
y: [6] in [0, 1, 2, 3, 4, 5, 6, 7, 8, 9]
x: [3] in [0, 1, 2, 3, 4, 5, 6, 7, 8, 9] => [3]
y: [7] in [0, 1, 2, 3, 4, 5, 6, 7, 8, 9]
x: [3] in [0, 1, 2, 3, 4, 5, 6, 7, 8, 9] => [3]
y: [8] in [0, 1, 2, 3, 4, 5, 6, 7, 8, 9]
[[6, 1], [7, 1], [8, 1], [6, 2], [8, 2], [6, 3], [7, 3], [8, 3]]
x: [2] in [0, 1, 2, 3, 4, 5, 6, 7, 8, 9] => [2]
y: [6] in [0, 1, 2, 3, 4, 5, 6, 7, 8, 9]
x: [2] in [0, 1, 2, 3, 4, 5, 6, 7, 8, 9] => [2]
y: [7] in [0, 1, 2, 3, 4, 5, 6, 7, 8, 9]
x: [2] in [0, 1, 2, 3, 4, 5, 6, 7, 8, 9] => [2]
y: [8] in [0, 1, 2, 3, 4, 5, 6, 7, 8, 9]
x: [3] in [0, 1, 2, 3, 4, 5, 6, 7, 8, 9] => [3]
y: [6] in [0, 1, 2, 3, 4, 5, 6, 7, 8, 9]
x: [3] in [0, 1, 2, 3, 4, 5, 6, 7, 8, 9] => [3]
y: [7] in [0, 1, 2, 3, 4, 5, 6, 7, 8, 9]
x: [3] in [0, 1, 2, 3, 4, 5, 6, 7, 8, 9] => [3]
y: [8] in [0, 1, 2, 3, 4, 5, 6, 7, 8, 9]
x: [4] in [0, 1, 2, 3, 4, 5, 6, 7, 8, 9] => [4]
y: [6] in [0, 1, 2, 3, 4, 5, 6, 7, 8, 9]
x: [4] in [0, 1, 2, 3, 4, 5, 6, 7, 8, 9] => [4]
y: [7] in [0, 1, 2, 3, 4, 5, 6, 7, 8, 9]
x: [4] in [0, 1, 2, 3, 4, 5, 6, 7, 8, 9] => [4]
y: [8] in [0, 1, 2, 3, 4, 5, 6, 7, 8, 9]
[[6, 2], [7, 2], [8, 2], [6, 3], [8, 3], [6, 4], [7, 4], [8, 4]]
x: [3] in [0, 1, 2, 3, 4, 5, 6, 7, 8, 9] => [3]
y: [6] in [0, 1, 2, 3, 4, 5, 6, 7, 8, 9]
x: [3] in [0, 1, 2, 3, 4, 5, 6, 7, 8, 9] => [3]
y: [7] in [0, 1, 2, 3, 4, 5, 6, 7, 8, 9]
x: [3] in [0, 1, 2, 3, 4, 5, 6, 7, 8, 9] => [3]
y: [8] in [0, 1, 2, 3, 4, 5, 6, 7, 8, 9]
x: [4] in [0, 1, 2, 3, 4, 5, 6, 7, 8, 9] => [4]
y: [6] in [0, 1, 2, 3, 4, 5, 6, 7, 8, 9]
x: [4] in [0, 1, 2, 3, 4, 5, 6, 7, 8, 9] => [4]
y: [7] in [0, 1, 2, 3, 4, 5, 6, 7, 8, 9]
x: [4] in [0, 1, 2, 3, 4, 5, 6, 7, 8, 9] => [4]
y: [8] in [0, 1, 2, 3, 4, 5, 6, 7, 8, 9]
x: [5] in [0, 1, 2, 3, 4, 5, 6, 7, 8, 9] => [5]
y: [6] in [0, 1, 2, 3, 4, 5, 6, 7, 8, 9]
x: [5] in [0, 1, 2, 3, 4, 5, 6, 7, 8, 9] => [5]
y: [7] in [0, 1, 2, 3, 4, 5, 6, 7, 8, 9]
x: [5] in [0, 1, 2, 3, 4, 5, 6, 7, 8, 9] => [5]
y: [8] in [0, 1, 2, 3, 4, 5, 6, 7, 8, 9]
[[6, 3], [7, 3], [8, 3], [6, 4], [8, 4], [6, 5], [7, 5], [8, 5]]
x: [4] in [0, 1, 2, 3, 4, 5, 6, 7, 8, 9] => [4]
y: [6] in [0, 1, 2, 3, 4, 5, 6, 7, 8, 9]
x: [4] in [0, 1, 2, 3, 4, 5, 6, 7, 8, 9] => [4]
y: [7] in [0, 1, 2, 3, 4, 5, 6, 7, 8, 9]
x: [4] in [0, 1, 2, 3, 4, 5, 6, 7, 8, 9] => [4]
y: [8] in [0, 1, 2, 3, 4, 5, 6, 7, 8, 9]
x: [5] in [0, 1, 2, 3, 4, 5, 6, 7, 8, 9] => [5]
y: [6] in [0, 1, 2, 3, 4, 5, 6, 7, 8, 9]
x: [5] in [0, 1, 2, 3, 4, 5, 6, 7, 8, 9] => [5]
y: [7] in [0, 1, 2, 3, 4, 5, 6, 7, 8, 9]
x: [5] in [0, 1, 2, 3, 4, 5, 6, 7, 8, 9] => [5]
y: [8] in [0, 1, 2, 3, 4, 5, 6, 7, 8, 9]
x: [6] in [0, 1, 2, 3, 4, 5, 6, 7, 8, 9] => [6]
y: [6] in [0, 1, 2, 3, 4, 5, 6, 7, 8, 9]
x: [6] in [0, 1, 2, 3, 4, 5, 6, 7, 8, 9] => [6]
y: [7] in [0, 1, 2, 3, 4, 5, 6, 7, 8, 9]
x: [6] in [0, 1, 2, 3, 4, 5, 6, 7, 8, 9] => [6]
y: [8] in [0, 1, 2, 3, 4, 5, 6, 7, 8, 9]
[[6, 4], [7, 4], [8, 4], [6, 5], [8, 5], [6, 6], [7, 6], [8, 6]]
x: [5] in [0, 1, 2, 3, 4, 5, 6, 7, 8, 9] => [5]
y: [6] in [0, 1, 2, 3, 4, 5, 6, 7, 8, 9]
x: [5] in [0, 1, 2, 3, 4, 5, 6, 7, 8, 9] => [5]
y: [7] in [0, 1, 2, 3, 4, 5, 6, 7, 8, 9]
x: [5] in [0, 1, 2, 3, 4, 5, 6, 7, 8, 9] => [5]
y: [8] in [0, 1, 2, 3, 4, 5, 6, 7, 8, 9]
x: [6] in [0, 1, 2, 3, 4, 5, 6, 7, 8, 9] => [6]
y: [6] in [0, 1, 2, 3, 4, 5, 6, 7, 8, 9]
x: [6] in [0, 1, 2, 3, 4, 5, 6, 7, 8, 9] => [6]
y: [7] in [0, 1, 2, 3, 4, 5, 6, 7, 8, 9]
x: [6] in [0, 1, 2, 3, 4, 5, 6, 7, 8, 9] => [6]
y: [8] in [0, 1, 2, 3, 4, 5, 6, 7, 8, 9]
x: [7] in [0, 1, 2, 3, 4, 5, 6, 7, 8, 9] => [7]
y: [6] in [0, 1, 2, 3, 4, 5, 6, 7, 8, 9]
x: [7] in [0, 1, 2, 3, 4, 5, 6, 7, 8, 9] => [7]
y: [7] in [0, 1, 2, 3, 4, 5, 6, 7, 8, 9]
x: [7] in [0, 1, 2, 3, 4, 5, 6, 7, 8, 9] => [7]
y: [8] in [0, 1, 2, 3, 4, 5, 6, 7, 8, 9]
[[6, 5], [7, 5], [8, 5], [6, 6], [8, 6], [6, 7], [7, 7], [8, 7]]
x: [6] in [0, 1, 2, 3, 4, 5, 6, 7, 8, 9] => [6]
y: [6] in [0, 1, 2, 3, 4, 5, 6, 7, 8, 9]
x: [6] in [0, 1, 2, 3, 4, 5, 6, 7, 8, 9] => [6]
y: [7] in [0, 1, 2, 3, 4, 5, 6, 7, 8, 9]
x: [6] in [0, 1, 2, 3, 4, 5, 6, 7, 8, 9] => [6]
y: [8] in [0, 1, 2, 3, 4, 5, 6, 7, 8, 9]
x: [7] in [0, 1, 2, 3, 4, 5, 6, 7, 8, 9] => [7]
y: [6] in [0, 1, 2, 3, 4, 5, 6, 7, 8, 9]
x: [7] in [0, 1, 2, 3, 4, 5, 6, 7, 8, 9] => [7]
y: [7] in [0, 1, 2, 3, 4, 5, 6, 7, 8, 9]
x: [7] in [0, 1, 2, 3, 4, 5, 6, 7, 8, 9] => [7]
y: [8] in [0, 1, 2, 3, 4, 5, 6, 7, 8, 9]
x: [8] in [0, 1, 2, 3, 4, 5, 6, 7, 8, 9] => [8]
y: [6] in [0, 1, 2, 3, 4, 5, 6, 7, 8, 9]
x: [8] in [0, 1, 2, 3, 4, 5, 6, 7, 8, 9] => [8]
y: [7] in [0, 1, 2, 3, 4, 5, 6, 7, 8, 9]
x: [8] in [0, 1, 2, 3, 4, 5, 6, 7, 8, 9] => [8]
y: [8] in [0, 1, 2, 3, 4, 5, 6, 7, 8, 9]
[[6, 6], [7, 6], [8, 6], [6, 7], [8, 7], [6, 8], [7, 8], [8, 8]]
x: [7] in [0, 1, 2, 3, 4, 5, 6, 7, 8, 9] => [7]
y: [6] in [0, 1, 2, 3, 4, 5, 6, 7, 8, 9]
x: [7] in [0, 1, 2, 3, 4, 5, 6, 7, 8, 9] => [7]
y: [7] in [0, 1, 2, 3, 4, 5, 6, 7, 8, 9]
x: [7] in [0, 1, 2, 3, 4, 5, 6, 7, 8, 9] => [7]
y: [8] in [0, 1, 2, 3, 4, 5, 6, 7, 8, 9]
x: [8] in [0, 1, 2, 3, 4, 5, 6, 7, 8, 9] => [8]
y: [6] in [0, 1, 2, 3, 4, 5, 6, 7, 8, 9]
x: [8] in [0, 1, 2, 3, 4, 5, 6, 7, 8, 9] => [8]
y: [7] in [0, 1, 2, 3, 4, 5, 6, 7, 8, 9]
x: [8] in [0, 1, 2, 3, 4, 5, 6, 7, 8, 9] => [8]
y: [8] in [0, 1, 2, 3, 4, 5, 6, 7, 8, 9]
x: [9] in [0, 1, 2, 3, 4, 5, 6, 7, 8, 9] => [9]
y: [6] in [0, 1, 2, 3, 4, 5, 6, 7, 8, 9]
x: [9] in [0, 1, 2, 3, 4, 5, 6, 7, 8, 9] => [9]
y: [7] in [0, 1, 2, 3, 4, 5, 6, 7, 8, 9]
x: [9] in [0, 1, 2, 3, 4, 5, 6, 7, 8, 9] => [9]
y: [8] in [0, 1, 2, 3, 4, 5, 6, 7, 8, 9]
[[6, 7], [7, 7], [8, 7], [6, 8], [8, 8], [6, 9], [7, 9], [8, 9]]
x: [8] in [0, 1, 2, 3, 4, 5, 6, 7, 8, 9] => [8]
y: [6] in [0, 1, 2, 3, 4, 5, 6, 7, 8, 9]
x: [8] in [0, 1, 2, 3, 4, 5, 6, 7, 8, 9] => [8]
y: [7] in [0, 1, 2, 3, 4, 5, 6, 7, 8, 9]
x: [8] in [0, 1, 2, 3, 4, 5, 6, 7, 8, 9] => [8]
y: [8] in [0, 1, 2, 3, 4, 5, 6, 7, 8, 9]
x: [9] in [0, 1, 2, 3, 4, 5, 6, 7, 8, 9] => [9]
y: [6] in [0, 1, 2, 3, 4, 5, 6, 7, 8, 9]
x: [9] in [0, 1, 2, 3, 4, 5, 6, 7, 8, 9] => [9]
y: [7] in [0, 1, 2, 3, 4, 5, 6, 7, 8, 9]
x: [9] in [0, 1, 2, 3, 4, 5, 6, 7, 8, 9] => [9]
y: [8] in [0, 1, 2, 3, 4, 5, 6, 7, 8, 9]
x: [10] in [0, 1, 2, 3, 4, 5, 6, 7, 8, 9] => []
y: [6] in [0, 1, 2, 3, 4, 5, 6, 7, 8, 9]
x: [10] in [0, 1, 2, 3, 4, 5, 6, 7, 8, 9] => []
y: [7] in [0, 1, 2, 3, 4, 5, 6, 7, 8, 9]
x: [10] in [0, 1, 2, 3, 4, 5, 6, 7, 8, 9] => []
y: [8] in [0, 1, 2, 3, 4, 5, 6, 7, 8, 9]
[[6, 8], [7, 8], [8, 8], [6, 9], [8, 9], [6, 10], [7, 10], [8, 10]]
nowy
x: [-1] in [0, 1, 2, 3, 4, 5, 6, 7, 8, 9] => []
y: [7] in [0, 1, 2, 3, 4, 5, 6, 7, 8, 9]
x: [-1] in [0, 1, 2, 3, 4, 5, 6, 7, 8, 9] => []
y: [8] in [0, 1, 2, 3, 4, 5, 6, 7, 8, 9]
x: [-1] in [0, 1, 2, 3, 4, 5, 6, 7, 8, 9] => []
y: [9] in [0, 1, 2, 3, 4, 5, 6, 7, 8, 9]
x: [0] in [0, 1, 2, 3, 4, 5, 6, 7, 8, 9] => [0]
y: [7] in [0, 1, 2, 3, 4, 5, 6, 7, 8, 9]
x: [0] in [0, 1, 2, 3, 4, 5, 6, 7, 8, 9] => [0]
y: [8] in [0, 1, 2, 3, 4, 5, 6, 7, 8, 9]
x: [0] in [0, 1, 2, 3, 4, 5, 6, 7, 8, 9] => [0]
y: [9] in [0, 1, 2, 3, 4, 5, 6, 7, 8, 9]
x: [1] in [0, 1, 2, 3, 4, 5, 6, 7, 8, 9] => [1]
y: [7] in [0, 1, 2, 3, 4, 5, 6, 7, 8, 9]
x: [1] in [0, 1, 2, 3, 4, 5, 6, 7, 8, 9] => [1]
y: [8] in [0, 1, 2, 3, 4, 5, 6, 7, 8, 9]
x: [1] in [0, 1, 2, 3, 4, 5, 6, 7, 8, 9] => [1]
y: [9] in [0, 1, 2, 3, 4, 5, 6, 7, 8, 9]
[[7, -1], [8, -1], [9, -1], [7, 0], [9, 0], [7, 1], [8, 1], [9, 1]]
x: [0] in [0, 1, 2, 3, 4, 5, 6, 7, 8, 9] => [0]
y: [7] in [0, 1, 2, 3, 4, 5, 6, 7, 8, 9]
x: [0] in [0, 1, 2, 3, 4, 5, 6, 7, 8, 9] => [0]
y: [8] in [0, 1, 2, 3, 4, 5, 6, 7, 8, 9]
x: [0] in [0, 1, 2, 3, 4, 5, 6, 7, 8, 9] => [0]
y: [9] in [0, 1, 2, 3, 4, 5, 6, 7, 8, 9]
x: [1] in [0, 1, 2, 3, 4, 5, 6, 7, 8, 9] => [1]
y: [7] in [0, 1, 2, 3, 4, 5, 6, 7, 8, 9]
x: [1] in [0, 1, 2, 3, 4, 5, 6, 7, 8, 9] => [1]
y: [8] in [0, 1, 2, 3, 4, 5, 6, 7, 8, 9]
x: [1] in [0, 1, 2, 3, 4, 5, 6, 7, 8, 9] => [1]
y: [9] in [0, 1, 2, 3, 4, 5, 6, 7, 8, 9]
x: [2] in [0, 1, 2, 3, 4, 5, 6, 7, 8, 9] => [2]
y: [7] in [0, 1, 2, 3, 4, 5, 6, 7, 8, 9]
x: [2] in [0, 1, 2, 3, 4, 5, 6, 7, 8, 9] => [2]
y: [8] in [0, 1, 2, 3, 4, 5, 6, 7, 8, 9]
x: [2] in [0, 1, 2, 3, 4, 5, 6, 7, 8, 9] => [2]
y: [9] in [0, 1, 2, 3, 4, 5, 6, 7, 8, 9]
[[7, 0], [8, 0], [9, 0], [7, 1], [9, 1], [7, 2], [8, 2], [9, 2]]
x: [1] in [0, 1, 2, 3, 4, 5, 6, 7, 8, 9] => [1]
y: [7] in [0, 1, 2, 3, 4, 5, 6, 7, 8, 9]
x: [1] in [0, 1, 2, 3, 4, 5, 6, 7, 8, 9] => [1]
y: [8] in [0, 1, 2, 3, 4, 5, 6, 7, 8, 9]
x: [1] in [0, 1, 2, 3, 4, 5, 6, 7, 8, 9] => [1]
y: [9] in [0, 1, 2, 3, 4, 5, 6, 7, 8, 9]
x: [2] in [0, 1, 2, 3, 4, 5, 6, 7, 8, 9] => [2]
y: [7] in [0, 1, 2, 3, 4, 5, 6, 7, 8, 9]
x: [2] in [0, 1, 2, 3, 4, 5, 6, 7, 8, 9] => [2]
y: [8] in [0, 1, 2, 3, 4, 5, 6, 7, 8, 9]
x: [2] in [0, 1, 2, 3, 4, 5, 6, 7, 8, 9] => [2]
y: [9] in [0, 1, 2, 3, 4, 5, 6, 7, 8, 9]
x: [3] in [0, 1, 2, 3, 4, 5, 6, 7, 8, 9] => [3]
y: [7] in [0, 1, 2, 3, 4, 5, 6, 7, 8, 9]
x: [3] in [0, 1, 2, 3, 4, 5, 6, 7, 8, 9] => [3]
y: [8] in [0, 1, 2, 3, 4, 5, 6, 7, 8, 9]
x: [3] in [0, 1, 2, 3, 4, 5, 6, 7, 8, 9] => [3]
y: [9] in [0, 1, 2, 3, 4, 5, 6, 7, 8, 9]
[[7, 1], [8, 1], [9, 1], [7, 2], [9, 2], [7, 3], [8, 3], [9, 3]]
x: [2] in [0, 1, 2, 3, 4, 5, 6, 7, 8, 9] => [2]
y: [7] in [0, 1, 2, 3, 4, 5, 6, 7, 8, 9]
x: [2] in [0, 1, 2, 3, 4, 5, 6, 7, 8, 9] => [2]
y: [8] in [0, 1, 2, 3, 4, 5, 6, 7, 8, 9]
x: [2] in [0, 1, 2, 3, 4, 5, 6, 7, 8, 9] => [2]
y: [9] in [0, 1, 2, 3, 4, 5, 6, 7, 8, 9]
x: [3] in [0, 1, 2, 3, 4, 5, 6, 7, 8, 9] => [3]
y: [7] in [0, 1, 2, 3, 4, 5, 6, 7, 8, 9]
x: [3] in [0, 1, 2, 3, 4, 5, 6, 7, 8, 9] => [3]
y: [8] in [0, 1, 2, 3, 4, 5, 6, 7, 8, 9]
x: [3] in [0, 1, 2, 3, 4, 5, 6, 7, 8, 9] => [3]
y: [9] in [0, 1, 2, 3, 4, 5, 6, 7, 8, 9]
x: [4] in [0, 1, 2, 3, 4, 5, 6, 7, 8, 9] => [4]
y: [7] in [0, 1, 2, 3, 4, 5, 6, 7, 8, 9]
x: [4] in [0, 1, 2, 3, 4, 5, 6, 7, 8, 9] => [4]
y: [8] in [0, 1, 2, 3, 4, 5, 6, 7, 8, 9]
x: [4] in [0, 1, 2, 3, 4, 5, 6, 7, 8, 9] => [4]
y: [9] in [0, 1, 2, 3, 4, 5, 6, 7, 8, 9]
[[7, 2], [8, 2], [9, 2], [7, 3], [9, 3], [7, 4], [8, 4], [9, 4]]
x: [3] in [0, 1, 2, 3, 4, 5, 6, 7, 8, 9] => [3]
y: [7] in [0, 1, 2, 3, 4, 5, 6, 7, 8, 9]
x: [3] in [0, 1, 2, 3, 4, 5, 6, 7, 8, 9] => [3]
y: [8] in [0, 1, 2, 3, 4, 5, 6, 7, 8, 9]
x: [3] in [0, 1, 2, 3, 4, 5, 6, 7, 8, 9] => [3]
y: [9] in [0, 1, 2, 3, 4, 5, 6, 7, 8, 9]
x: [4] in [0, 1, 2, 3, 4, 5, 6, 7, 8, 9] => [4]
y: [7] in [0, 1, 2, 3, 4, 5, 6, 7, 8, 9]
x: [4] in [0, 1, 2, 3, 4, 5, 6, 7, 8, 9] => [4]
y: [8] in [0, 1, 2, 3, 4, 5, 6, 7, 8, 9]
x: [4] in [0, 1, 2, 3, 4, 5, 6, 7, 8, 9] => [4]
y: [9] in [0, 1, 2, 3, 4, 5, 6, 7, 8, 9]
x: [5] in [0, 1, 2, 3, 4, 5, 6, 7, 8, 9] => [5]
y: [7] in [0, 1, 2, 3, 4, 5, 6, 7, 8, 9]
x: [5] in [0, 1, 2, 3, 4, 5, 6, 7, 8, 9] => [5]
y: [8] in [0, 1, 2, 3, 4, 5, 6, 7, 8, 9]
x: [5] in [0, 1, 2, 3, 4, 5, 6, 7, 8, 9] => [5]
y: [9] in [0, 1, 2, 3, 4, 5, 6, 7, 8, 9]
[[7, 3], [8, 3], [9, 3], [7, 4], [9, 4], [7, 5], [8, 5], [9, 5]]
x: [4] in [0, 1, 2, 3, 4, 5, 6, 7, 8, 9] => [4]
y: [7] in [0, 1, 2, 3, 4, 5, 6, 7, 8, 9]
x: [4] in [0, 1, 2, 3, 4, 5, 6, 7, 8, 9] => [4]
y: [8] in [0, 1, 2, 3, 4, 5, 6, 7, 8, 9]
x: [4] in [0, 1, 2, 3, 4, 5, 6, 7, 8, 9] => [4]
y: [9] in [0, 1, 2, 3, 4, 5, 6, 7, 8, 9]
x: [5] in [0, 1, 2, 3, 4, 5, 6, 7, 8, 9] => [5]
y: [7] in [0, 1, 2, 3, 4, 5, 6, 7, 8, 9]
x: [5] in [0, 1, 2, 3, 4, 5, 6, 7, 8, 9] => [5]
y: [8] in [0, 1, 2, 3, 4, 5, 6, 7, 8, 9]
x: [5] in [0, 1, 2, 3, 4, 5, 6, 7, 8, 9] => [5]
y: [9] in [0, 1, 2, 3, 4, 5, 6, 7, 8, 9]
x: [6] in [0, 1, 2, 3, 4, 5, 6, 7, 8, 9] => [6]
y: [7] in [0, 1, 2, 3, 4, 5, 6, 7, 8, 9]
x: [6] in [0, 1, 2, 3, 4, 5, 6, 7, 8, 9] => [6]
y: [8] in [0, 1, 2, 3, 4, 5, 6, 7, 8, 9]
x: [6] in [0, 1, 2, 3, 4, 5, 6, 7, 8, 9] => [6]
y: [9] in [0, 1, 2, 3, 4, 5, 6, 7, 8, 9]
[[7, 4], [8, 4], [9, 4], [7, 5], [9, 5], [7, 6], [8, 6], [9, 6]]
x: [5] in [0, 1, 2, 3, 4, 5, 6, 7, 8, 9] => [5]
y: [7] in [0, 1, 2, 3, 4, 5, 6, 7, 8, 9]
x: [5] in [0, 1, 2, 3, 4, 5, 6, 7, 8, 9] => [5]
y: [8] in [0, 1, 2, 3, 4, 5, 6, 7, 8, 9]
x: [5] in [0, 1, 2, 3, 4, 5, 6, 7, 8, 9] => [5]
y: [9] in [0, 1, 2, 3, 4, 5, 6, 7, 8, 9]
x: [6] in [0, 1, 2, 3, 4, 5, 6, 7, 8, 9] => [6]
y: [7] in [0, 1, 2, 3, 4, 5, 6, 7, 8, 9]
x: [6] in [0, 1, 2, 3, 4, 5, 6, 7, 8, 9] => [6]
y: [8] in [0, 1, 2, 3, 4, 5, 6, 7, 8, 9]
x: [6] in [0, 1, 2, 3, 4, 5, 6, 7, 8, 9] => [6]
y: [9] in [0, 1, 2, 3, 4, 5, 6, 7, 8, 9]
x: [7] in [0, 1, 2, 3, 4, 5, 6, 7, 8, 9] => [7]
y: [7] in [0, 1, 2, 3, 4, 5, 6, 7, 8, 9]
x: [7] in [0, 1, 2, 3, 4, 5, 6, 7, 8, 9] => [7]
y: [8] in [0, 1, 2, 3, 4, 5, 6, 7, 8, 9]
x: [7] in [0, 1, 2, 3, 4, 5, 6, 7, 8, 9] => [7]
y: [9] in [0, 1, 2, 3, 4, 5, 6, 7, 8, 9]
[[7, 5], [8, 5], [9, 5], [7, 6], [9, 6], [7, 7], [8, 7], [9, 7]]
x: [6] in [0, 1, 2, 3, 4, 5, 6, 7, 8, 9] => [6]
y: [7] in [0, 1, 2, 3, 4, 5, 6, 7, 8, 9]
x: [6] in [0, 1, 2, 3, 4, 5, 6, 7, 8, 9] => [6]
y: [8] in [0, 1, 2, 3, 4, 5, 6, 7, 8, 9]
x: [6] in [0, 1, 2, 3, 4, 5, 6, 7, 8, 9] => [6]
y: [9] in [0, 1, 2, 3, 4, 5, 6, 7, 8, 9]
x: [7] in [0, 1, 2, 3, 4, 5, 6, 7, 8, 9] => [7]
y: [7] in [0, 1, 2, 3, 4, 5, 6, 7, 8, 9]
x: [7] in [0, 1, 2, 3, 4, 5, 6, 7, 8, 9] => [7]
y: [8] in [0, 1, 2, 3, 4, 5, 6, 7, 8, 9]
x: [7] in [0, 1, 2, 3, 4, 5, 6, 7, 8, 9] => [7]
y: [9] in [0, 1, 2, 3, 4, 5, 6, 7, 8, 9]
x: [8] in [0, 1, 2, 3, 4, 5, 6, 7, 8, 9] => [8]
y: [7] in [0, 1, 2, 3, 4, 5, 6, 7, 8, 9]
x: [8] in [0, 1, 2, 3, 4, 5, 6, 7, 8, 9] => [8]
y: [8] in [0, 1, 2, 3, 4, 5, 6, 7, 8, 9]
x: [8] in [0, 1, 2, 3, 4, 5, 6, 7, 8, 9] => [8]
y: [9] in [0, 1, 2, 3, 4, 5, 6, 7, 8, 9]
[[7, 6], [8, 6], [9, 6], [7, 7], [9, 7], [7, 8], [8, 8], [9, 8]]
x: [7] in [0, 1, 2, 3, 4, 5, 6, 7, 8, 9] => [7]
y: [7] in [0, 1, 2, 3, 4, 5, 6, 7, 8, 9]
x: [7] in [0, 1, 2, 3, 4, 5, 6, 7, 8, 9] => [7]
y: [8] in [0, 1, 2, 3, 4, 5, 6, 7, 8, 9]
x: [7] in [0, 1, 2, 3, 4, 5, 6, 7, 8, 9] => [7]
y: [9] in [0, 1, 2, 3, 4, 5, 6, 7, 8, 9]
x: [8] in [0, 1, 2, 3, 4, 5, 6, 7, 8, 9] => [8]
y: [7] in [0, 1, 2, 3, 4, 5, 6, 7, 8, 9]
x: [8] in [0, 1, 2, 3, 4, 5, 6, 7, 8, 9] => [8]
y: [8] in [0, 1, 2, 3, 4, 5, 6, 7, 8, 9]
x: [8] in [0, 1, 2, 3, 4, 5, 6, 7, 8, 9] => [8]
y: [9] in [0, 1, 2, 3, 4, 5, 6, 7, 8, 9]
x: [9] in [0, 1, 2, 3, 4, 5, 6, 7, 8, 9] => [9]
y: [7] in [0, 1, 2, 3, 4, 5, 6, 7, 8, 9]
x: [9] in [0, 1, 2, 3, 4, 5, 6, 7, 8, 9] => [9]
y: [8] in [0, 1, 2, 3, 4, 5, 6, 7, 8, 9]
x: [9] in [0, 1, 2, 3, 4, 5, 6, 7, 8, 9] => [9]
y: [9] in [0, 1, 2, 3, 4, 5, 6, 7, 8, 9]
[[7, 7], [8, 7], [9, 7], [7, 8], [9, 8], [7, 9], [8, 9], [9, 9]]
x: [8] in [0, 1, 2, 3, 4, 5, 6, 7, 8, 9] => [8]
y: [7] in [0, 1, 2, 3, 4, 5, 6, 7, 8, 9]
x: [8] in [0, 1, 2, 3, 4, 5, 6, 7, 8, 9] => [8]
y: [8] in [0, 1, 2, 3, 4, 5, 6, 7, 8, 9]
x: [8] in [0, 1, 2, 3, 4, 5, 6, 7, 8, 9] => [8]
y: [9] in [0, 1, 2, 3, 4, 5, 6, 7, 8, 9]
x: [9] in [0, 1, 2, 3, 4, 5, 6, 7, 8, 9] => [9]
y: [7] in [0, 1, 2, 3, 4, 5, 6, 7, 8, 9]
x: [9] in [0, 1, 2, 3, 4, 5, 6, 7, 8, 9] => [9]
y: [8] in [0, 1, 2, 3, 4, 5, 6, 7, 8, 9]
x: [9] in [0, 1, 2, 3, 4, 5, 6, 7, 8, 9] => [9]
y: [9] in [0, 1, 2, 3, 4, 5, 6, 7, 8, 9]
x: [10] in [0, 1, 2, 3, 4, 5, 6, 7, 8, 9] => []
y: [7] in [0, 1, 2, 3, 4, 5, 6, 7, 8, 9]
x: [10] in [0, 1, 2, 3, 4, 5, 6, 7, 8, 9] => []
y: [8] in [0, 1, 2, 3, 4, 5, 6, 7, 8, 9]
x: [10] in [0, 1, 2, 3, 4, 5, 6, 7, 8, 9] => []
y: [9] in [0, 1, 2, 3, 4, 5, 6, 7, 8, 9]
[[7, 8], [8, 8], [9, 8], [7, 9], [9, 9], [7, 10], [8, 10], [9, 10]]
nowy
x: [-1] in [0, 1, 2, 3, 4, 5, 6, 7, 8, 9] => []
y: [8] in [0, 1, 2, 3, 4, 5, 6, 7, 8, 9]
x: [-1] in [0, 1, 2, 3, 4, 5, 6, 7, 8, 9] => []
y: [9] in [0, 1, 2, 3, 4, 5, 6, 7, 8, 9]
x: [-1] in [0, 1, 2, 3, 4, 5, 6, 7, 8, 9] => []
y: [10] in [0, 1, 2, 3, 4, 5, 6, 7, 8, 9]
x: [0] in [0, 1, 2, 3, 4, 5, 6, 7, 8, 9] => [0]
y: [8] in [0, 1, 2, 3, 4, 5, 6, 7, 8, 9]
x: [0] in [0, 1, 2, 3, 4, 5, 6, 7, 8, 9] => [0]
y: [9] in [0, 1, 2, 3, 4, 5, 6, 7, 8, 9]
x: [0] in [0, 1, 2, 3, 4, 5, 6, 7, 8, 9] => [0]
y: [10] in [0, 1, 2, 3, 4, 5, 6, 7, 8, 9]
x: [1] in [0, 1, 2, 3, 4, 5, 6, 7, 8, 9] => [1]
y: [8] in [0, 1, 2, 3, 4, 5, 6, 7, 8, 9]
x: [1] in [0, 1, 2, 3, 4, 5, 6, 7, 8, 9] => [1]
y: [9] in [0, 1, 2, 3, 4, 5, 6, 7, 8, 9]
x: [1] in [0, 1, 2, 3, 4, 5, 6, 7, 8, 9] => [1]
y: [10] in [0, 1, 2, 3, 4, 5, 6, 7, 8, 9]
[[8, -1], [9, -1], [10, -1], [8, 0], [10, 0], [8, 1], [9, 1], [10, 1]]
x: [0] in [0, 1, 2, 3, 4, 5, 6, 7, 8, 9] => [0]
y: [8] in [0, 1, 2, 3, 4, 5, 6, 7, 8, 9]
x: [0] in [0, 1, 2, 3, 4, 5, 6, 7, 8, 9] => [0]
y: [9] in [0, 1, 2, 3, 4, 5, 6, 7, 8, 9]
x: [0] in [0, 1, 2, 3, 4, 5, 6, 7, 8, 9] => [0]
y: [10] in [0, 1, 2, 3, 4, 5, 6, 7, 8, 9]
x: [1] in [0, 1, 2, 3, 4, 5, 6, 7, 8, 9] => [1]
y: [8] in [0, 1, 2, 3, 4, 5, 6, 7, 8, 9]
x: [1] in [0, 1, 2, 3, 4, 5, 6, 7, 8, 9] => [1]
y: [9] in [0, 1, 2, 3, 4, 5, 6, 7, 8, 9]
x: [1] in [0, 1, 2, 3, 4, 5, 6, 7, 8, 9] => [1]
y: [10] in [0, 1, 2, 3, 4, 5, 6, 7, 8, 9]
x: [2] in [0, 1, 2, 3, 4, 5, 6, 7, 8, 9] => [2]
y: [8] in [0, 1, 2, 3, 4, 5, 6, 7, 8, 9]
x: [2] in [0, 1, 2, 3, 4, 5, 6, 7, 8, 9] => [2]
y: [9] in [0, 1, 2, 3, 4, 5, 6, 7, 8, 9]
x: [2] in [0, 1, 2, 3, 4, 5, 6, 7, 8, 9] => [2]
y: [10] in [0, 1, 2, 3, 4, 5, 6, 7, 8, 9]
[[8, 0], [9, 0], [10, 0], [8, 1], [10, 1], [8, 2], [9, 2], [10, 2]]
x: [1] in [0, 1, 2, 3, 4, 5, 6, 7, 8, 9] => [1]
y: [8] in [0, 1, 2, 3, 4, 5, 6, 7, 8, 9]
x: [1] in [0, 1, 2, 3, 4, 5, 6, 7, 8, 9] => [1]
y: [9] in [0, 1, 2, 3, 4, 5, 6, 7, 8, 9]
x: [1] in [0, 1, 2, 3, 4, 5, 6, 7, 8, 9] => [1]
y: [10] in [0, 1, 2, 3, 4, 5, 6, 7, 8, 9]
x: [2] in [0, 1, 2, 3, 4, 5, 6, 7, 8, 9] => [2]
y: [8] in [0, 1, 2, 3, 4, 5, 6, 7, 8, 9]
x: [2] in [0, 1, 2, 3, 4, 5, 6, 7, 8, 9] => [2]
y: [9] in [0, 1, 2, 3, 4, 5, 6, 7, 8, 9]
x: [2] in [0, 1, 2, 3, 4, 5, 6, 7, 8, 9] => [2]
y: [10] in [0, 1, 2, 3, 4, 5, 6, 7, 8, 9]
x: [3] in [0, 1, 2, 3, 4, 5, 6, 7, 8, 9] => [3]
y: [8] in [0, 1, 2, 3, 4, 5, 6, 7, 8, 9]
x: [3] in [0, 1, 2, 3, 4, 5, 6, 7, 8, 9] => [3]
y: [9] in [0, 1, 2, 3, 4, 5, 6, 7, 8, 9]
x: [3] in [0, 1, 2, 3, 4, 5, 6, 7, 8, 9] => [3]
y: [10] in [0, 1, 2, 3, 4, 5, 6, 7, 8, 9]
[[8, 1], [9, 1], [10, 1], [8, 2], [10, 2], [8, 3], [9, 3], [10, 3]]
x: [2] in [0, 1, 2, 3, 4, 5, 6, 7, 8, 9] => [2]
y: [8] in [0, 1, 2, 3, 4, 5, 6, 7, 8, 9]
x: [2] in [0, 1, 2, 3, 4, 5, 6, 7, 8, 9] => [2]
y: [9] in [0, 1, 2, 3, 4, 5, 6, 7, 8, 9]
x: [2] in [0, 1, 2, 3, 4, 5, 6, 7, 8, 9] => [2]
y: [10] in [0, 1, 2, 3, 4, 5, 6, 7, 8, 9]
x: [3] in [0, 1, 2, 3, 4, 5, 6, 7, 8, 9] => [3]
y: [8] in [0, 1, 2, 3, 4, 5, 6, 7, 8, 9]
x: [3] in [0, 1, 2, 3, 4, 5, 6, 7, 8, 9] => [3]
y: [9] in [0, 1, 2, 3, 4, 5, 6, 7, 8, 9]
x: [3] in [0, 1, 2, 3, 4, 5, 6, 7, 8, 9] => [3]
y: [10] in [0, 1, 2, 3, 4, 5, 6, 7, 8, 9]
x: [4] in [0, 1, 2, 3, 4, 5, 6, 7, 8, 9] => [4]
y: [8] in [0, 1, 2, 3, 4, 5, 6, 7, 8, 9]
x: [4] in [0, 1, 2, 3, 4, 5, 6, 7, 8, 9] => [4]
y: [9] in [0, 1, 2, 3, 4, 5, 6, 7, 8, 9]
x: [4] in [0, 1, 2, 3, 4, 5, 6, 7, 8, 9] => [4]
y: [10] in [0, 1, 2, 3, 4, 5, 6, 7, 8, 9]
[[8, 2], [9, 2], [10, 2], [8, 3], [10, 3], [8, 4], [9, 4], [10, 4]]
x: [3] in [0, 1, 2, 3, 4, 5, 6, 7, 8, 9] => [3]
y: [8] in [0, 1, 2, 3, 4, 5, 6, 7, 8, 9]
x: [3] in [0, 1, 2, 3, 4, 5, 6, 7, 8, 9] => [3]
y: [9] in [0, 1, 2, 3, 4, 5, 6, 7, 8, 9]
x: [3] in [0, 1, 2, 3, 4, 5, 6, 7, 8, 9] => [3]
y: [10] in [0, 1, 2, 3, 4, 5, 6, 7, 8, 9]
x: [4] in [0, 1, 2, 3, 4, 5, 6, 7, 8, 9] => [4]
y: [8] in [0, 1, 2, 3, 4, 5, 6, 7, 8, 9]
x: [4] in [0, 1, 2, 3, 4, 5, 6, 7, 8, 9] => [4]
y: [9] in [0, 1, 2, 3, 4, 5, 6, 7, 8, 9]
x: [4] in [0, 1, 2, 3, 4, 5, 6, 7, 8, 9] => [4]
y: [10] in [0, 1, 2, 3, 4, 5, 6, 7, 8, 9]
x: [5] in [0, 1, 2, 3, 4, 5, 6, 7, 8, 9] => [5]
y: [8] in [0, 1, 2, 3, 4, 5, 6, 7, 8, 9]
x: [5] in [0, 1, 2, 3, 4, 5, 6, 7, 8, 9] => [5]
y: [9] in [0, 1, 2, 3, 4, 5, 6, 7, 8, 9]
x: [5] in [0, 1, 2, 3, 4, 5, 6, 7, 8, 9] => [5]
y: [10] in [0, 1, 2, 3, 4, 5, 6, 7, 8, 9]
[[8, 3], [9, 3], [10, 3], [8, 4], [10, 4], [8, 5], [9, 5], [10, 5]]
x: [4] in [0, 1, 2, 3, 4, 5, 6, 7, 8, 9] => [4]
y: [8] in [0, 1, 2, 3, 4, 5, 6, 7, 8, 9]
x: [4] in [0, 1, 2, 3, 4, 5, 6, 7, 8, 9] => [4]
y: [9] in [0, 1, 2, 3, 4, 5, 6, 7, 8, 9]
x: [4] in [0, 1, 2, 3, 4, 5, 6, 7, 8, 9] => [4]
y: [10] in [0, 1, 2, 3, 4, 5, 6, 7, 8, 9]
x: [5] in [0, 1, 2, 3, 4, 5, 6, 7, 8, 9] => [5]
y: [8] in [0, 1, 2, 3, 4, 5, 6, 7, 8, 9]
x: [5] in [0, 1, 2, 3, 4, 5, 6, 7, 8, 9] => [5]
y: [9] in [0, 1, 2, 3, 4, 5, 6, 7, 8, 9]
x: [5] in [0, 1, 2, 3, 4, 5, 6, 7, 8, 9] => [5]
y: [10] in [0, 1, 2, 3, 4, 5, 6, 7, 8, 9]
x: [6] in [0, 1, 2, 3, 4, 5, 6, 7, 8, 9] => [6]
y: [8] in [0, 1, 2, 3, 4, 5, 6, 7, 8, 9]
x: [6] in [0, 1, 2, 3, 4, 5, 6, 7, 8, 9] => [6]
y: [9] in [0, 1, 2, 3, 4, 5, 6, 7, 8, 9]
x: [6] in [0, 1, 2, 3, 4, 5, 6, 7, 8, 9] => [6]
y: [10] in [0, 1, 2, 3, 4, 5, 6, 7, 8, 9]
[[8, 4], [9, 4], [10, 4], [8, 5], [10, 5], [8, 6], [9, 6], [10, 6]]
x: [5] in [0, 1, 2, 3, 4, 5, 6, 7, 8, 9] => [5]
y: [8] in [0, 1, 2, 3, 4, 5, 6, 7, 8, 9]
x: [5] in [0, 1, 2, 3, 4, 5, 6, 7, 8, 9] => [5]
y: [9] in [0, 1, 2, 3, 4, 5, 6, 7, 8, 9]
x: [5] in [0, 1, 2, 3, 4, 5, 6, 7, 8, 9] => [5]
y: [10] in [0, 1, 2, 3, 4, 5, 6, 7, 8, 9]
x: [6] in [0, 1, 2, 3, 4, 5, 6, 7, 8, 9] => [6]
y: [8] in [0, 1, 2, 3, 4, 5, 6, 7, 8, 9]
x: [6] in [0, 1, 2, 3, 4, 5, 6, 7, 8, 9] => [6]
y: [9] in [0, 1, 2, 3, 4, 5, 6, 7, 8, 9]
x: [6] in [0, 1, 2, 3, 4, 5, 6, 7, 8, 9] => [6]
y: [10] in [0, 1, 2, 3, 4, 5, 6, 7, 8, 9]
x: [7] in [0, 1, 2, 3, 4, 5, 6, 7, 8, 9] => [7]
y: [8] in [0, 1, 2, 3, 4, 5, 6, 7, 8, 9]
x: [7] in [0, 1, 2, 3, 4, 5, 6, 7, 8, 9] => [7]
y: [9] in [0, 1, 2, 3, 4, 5, 6, 7, 8, 9]
x: [7] in [0, 1, 2, 3, 4, 5, 6, 7, 8, 9] => [7]
y: [10] in [0, 1, 2, 3, 4, 5, 6, 7, 8, 9]
[[8, 5], [9, 5], [10, 5], [8, 6], [10, 6], [8, 7], [9, 7], [10, 7]]
x: [6] in [0, 1, 2, 3, 4, 5, 6, 7, 8, 9] => [6]
y: [8] in [0, 1, 2, 3, 4, 5, 6, 7, 8, 9]
x: [6] in [0, 1, 2, 3, 4, 5, 6, 7, 8, 9] => [6]
y: [9] in [0, 1, 2, 3, 4, 5, 6, 7, 8, 9]
x: [6] in [0, 1, 2, 3, 4, 5, 6, 7, 8, 9] => [6]
y: [10] in [0, 1, 2, 3, 4, 5, 6, 7, 8, 9]
x: [7] in [0, 1, 2, 3, 4, 5, 6, 7, 8, 9] => [7]
y: [8] in [0, 1, 2, 3, 4, 5, 6, 7, 8, 9]
x: [7] in [0, 1, 2, 3, 4, 5, 6, 7, 8, 9] => [7]
y: [9] in [0, 1, 2, 3, 4, 5, 6, 7, 8, 9]
x: [7] in [0, 1, 2, 3, 4, 5, 6, 7, 8, 9] => [7]
y: [10] in [0, 1, 2, 3, 4, 5, 6, 7, 8, 9]
x: [8] in [0, 1, 2, 3, 4, 5, 6, 7, 8, 9] => [8]
y: [8] in [0, 1, 2, 3, 4, 5, 6, 7, 8, 9]
x: [8] in [0, 1, 2, 3, 4, 5, 6, 7, 8, 9] => [8]
y: [9] in [0, 1, 2, 3, 4, 5, 6, 7, 8, 9]
x: [8] in [0, 1, 2, 3, 4, 5, 6, 7, 8, 9] => [8]
y: [10] in [0, 1, 2, 3, 4, 5, 6, 7, 8, 9]
[[8, 6], [9, 6], [10, 6], [8, 7], [10, 7], [8, 8], [9, 8], [10, 8]]
x: [7] in [0, 1, 2, 3, 4, 5, 6, 7, 8, 9] => [7]
y: [8] in [0, 1, 2, 3, 4, 5, 6, 7, 8, 9]
x: [7] in [0, 1, 2, 3, 4, 5, 6, 7, 8, 9] => [7]
y: [9] in [0, 1, 2, 3, 4, 5, 6, 7, 8, 9]
x: [7] in [0, 1, 2, 3, 4, 5, 6, 7, 8, 9] => [7]
y: [10] in [0, 1, 2, 3, 4, 5, 6, 7, 8, 9]
x: [8] in [0, 1, 2, 3, 4, 5, 6, 7, 8, 9] => [8]
y: [8] in [0, 1, 2, 3, 4, 5, 6, 7, 8, 9]
x: [8] in [0, 1, 2, 3, 4, 5, 6, 7, 8, 9] => [8]
y: [9] in [0, 1, 2, 3, 4, 5, 6, 7, 8, 9]
x: [8] in [0, 1, 2, 3, 4, 5, 6, 7, 8, 9] => [8]
y: [10] in [0, 1, 2, 3, 4, 5, 6, 7, 8, 9]
x: [9] in [0, 1, 2, 3, 4, 5, 6, 7, 8, 9] => [9]
y: [8] in [0, 1, 2, 3, 4, 5, 6, 7, 8, 9]
x: [9] in [0, 1, 2, 3, 4, 5, 6, 7, 8, 9] => [9]
y: [9] in [0, 1, 2, 3, 4, 5, 6, 7, 8, 9]
x: [9] in [0, 1, 2, 3, 4, 5, 6, 7, 8, 9] => [9]
y: [10] in [0, 1, 2, 3, 4, 5, 6, 7, 8, 9]
[[8, 7], [9, 7], [10, 7], [8, 8], [10, 8], [8, 9], [9, 9], [10, 9]]
x: [8] in [0, 1, 2, 3, 4, 5, 6, 7, 8, 9] => [8]
y: [8] in [0, 1, 2, 3, 4, 5, 6, 7, 8, 9]
x: [8] in [0, 1, 2, 3, 4, 5, 6, 7, 8, 9] => [8]
y: [9] in [0, 1, 2, 3, 4, 5, 6, 7, 8, 9]
x: [8] in [0, 1, 2, 3, 4, 5, 6, 7, 8, 9] => [8]
y: [10] in [0, 1, 2, 3, 4, 5, 6, 7, 8, 9]
x: [9] in [0, 1, 2, 3, 4, 5, 6, 7, 8, 9] => [9]
y: [8] in [0, 1, 2, 3, 4, 5, 6, 7, 8, 9]
x: [9] in [0, 1, 2, 3, 4, 5, 6, 7, 8, 9] => [9]
y: [9] in [0, 1, 2, 3, 4, 5, 6, 7, 8, 9]
x: [9] in [0, 1, 2, 3, 4, 5, 6, 7, 8, 9] => [9]
y: [10] in [0, 1, 2, 3, 4, 5, 6, 7, 8, 9]
x: [10] in [0, 1, 2, 3, 4, 5, 6, 7, 8, 9] => []
y: [8] in [0, 1, 2, 3, 4, 5, 6, 7, 8, 9]
x: [10] in [0, 1, 2, 3, 4, 5, 6, 7, 8, 9] => []
y: [9] in [0, 1, 2, 3, 4, 5, 6, 7, 8, 9]
x: [10] in [0, 1, 2, 3, 4, 5, 6, 7, 8, 9] => []
y: [10] in [0, 1, 2, 3, 4, 5, 6, 7, 8, 9]
[[8, 8], [9, 8], [10, 8], [8, 9], [10, 9], [8, 10], [9, 10], [10, 10]]
[1, 1, 1, 1, 1, 1, 0, 0, 1, 0]
[1, 0, 0, 0, 1, 0, 1, 1, 1, 1]
[0, 0, 0, 1, 0, 0, 0, 0, 0, 0]
[0, 1, 1, 0, 1, 1, 0, 1, 0, 1]
[1, 0, 0, 1, 1, 1, 0, 1, 0, 1]
[0, 1, 0, 0, 0, 1, 0, 0, 1, 0]
[0, 1, 0, 1, 1, 1, 0, 0, 1, 0]
[0, 0, 0, 1, 1, 1, 0, 1, 0, 0]
[0, 1, 0, 1, 1, 1, 0, 1, 1, 1]
[0, 0, 1, 0, 0, 0, 0, 0, 0, 1]
----------
